543	481	437	423	705	803
533	511	475	439	610	702
534	523	501 465	574	635
523	519	509	485	564	595
517	513	509	494	557	576
509	506	505	495	548	560
504	500	498	492	548	552
501	497	494	491	539	545
501	495	491	487	545	543
499	495	490	487	546	546
502	496	490	485	542	545
503	496	490	486	546	543
504	497	491	486	543	546
505	498	492	487	547	543
505	499	493	488	548	544
506	499	493	488	543	547
507	500	494	489	549	544
508	502	495	491	549	548
508	502	496	490	545	548
510	502	496	492	551	546
510	503	496	492	547	549
510	502	496	492	551	547
509	503	497	492	551	548
510	504	498	493	546	550
510	504	498	493	552	549
511	503	498	493	551	552
510	503	498	492	546	551
510	503	498	493	547	552
510	504	498	494	547	552
510	502	497	493	551	547
509	504	498	493	551	547
510	504	498	494	547	550
513	505	499	494	552	549
510	505	499	495	552	553
517	501	497	492	551	548
512	504	498	494	552	549
506	501	496	492	546	552
511	501	496	491	545	552
508	503	496	492	550	548
510	504	498	493	545	549
509	504	499	493	546	549
510	505	499	494	552	551
509	503	498	493	546	550
510	504	498	494	552	547
511	503	498	494	548	551
512	502	497	493	551	547
509	503	497	493	551	551
510	504	498	494	546	550
511	505	499	494	552	548
510	505	499	495	551	552
510	504	499	493	546	550
512	504	499	495	552	549
510	504	499	494	547	552
511	502	497	493	551	547
508	503	497	493	551	548
510	504	498	493	545	549
511	504	498	494	551	548
510	504	499	494	551	551
512	505	499	493	546	550
512	505	499	495	552	549
510	504	499	495	547	552
518	501	496	493	550	547
509	503	497	493	551	548
505	500	496	492	544	549
512	504	497	493	550	547
508	505	499	494	550	550
510	504	498	493	545	549
508	503	499	493	546	551
510	503	498	494	546	551
510	502	497	493	550	546
509	503	497	493	550	546
511	505	498	494	546	549
512	505	499	494	552	548
511	504	499	494	551	551
511	504	499	493	546	550
510	504	499	494	551	548
509	503	498	494	546	551
510	500	497	492	545	549
508	502	496	492	550	547
510	504	498	493	545	549
511	504	499	493	546	549
512	505	499	494	551	550
510	505	499	493	546	549
511	505	499	495	552	546
510	505	499	495	548	551
511	501	497	493	551	546
509	502	497	493	551	548
510	503	497	493	545	549
511	501	496	492	550	547
512	504	498	493	550	550
504	504	498	492	545	549
510	505	499	494	551	547
505	505	499	494	546	550
511	501	497	493	550	546
507	502	497	493	550	547
510	503	497	493	544	548
511	504	498	494	550	547
512	504	499	494	550	550
509	504	499	493	545	549
511	504	498	494	551	547
510	504	498	494	546	550
511	502	497	493	550	546
508	504	498	494	551	547
511	505	499	494	545	549
513	505	499	495	551	548
512	506	500	495	551	551
511	506	500	496	551	550
511	505	499	495	552	548
511	505	499	495	547	551
512	503	498	494	551	548
508	503	498	494	550	548
512	505	499	494	545	549
512	505	499	495	551	548
512	507	500	495	551	551
512	505	500	494	546	550
510	502	497	494	551	548
511	503	497	493	546	550
506	501	496	492	549	545
507	502	497	492	550	546
511	504	498	493	544	548
510	504	499	493	545	548
511	504	498	494	551	550
510	503	498	493	545	548
508	503	498	494	551	545
511	505	499	494	547	550
511	503	498	494	550	546
507	504	498	494	551	547
510	505	499	494	545	549
512	504	499	495	551	547
512	505	499	495	551	550
511	505	500	494	551	546
512	505	499	494	551	548
510	505	499	494	546	551
511	503	499	493	545	551
505	503	498	494	550	547
510	505	499	494	545	548
511	505	499	495	551	545
511	505	499	495	551	550
511	505	499	494	545	549
511	505	499	495	551	551
511	509	502	496	547	551
512	505	500	496	551	547
508	503	498	495	551	548
510	504	499	495	546	549
508	500	496	493	550	547
512	504	498	493	550	550
504	500	496	491	544	548
512	503	497	493	549	546
510	504	498	493	545	549
511	502	497	493	549	545
505	500	496	492	549	544
510	503	497	493	544	547
510	504	498	493	550	544
511	505	499	494	551	547
511	505	499	493	546	548
513	506	500	495	551	547
511	505	499	495	547	550
510	502	498	494	550	546
507	504	498	494	551	547
509	505	499	495	545	549
510	505	500	494	546	550
510	504	499	495	550	550
511	504	499	493	545	549
513	505	499	495	551	545
511	505	499	495	547	550
511	503	498	494	550	545
507	504	498	494	551	547
510	508	501	496	551	546
510	507	501	496	552	548
507	503	499	495	551	551
511	504	499	494	545	551
507	500	496	493	549	547
511	503	497	493	545	549
505	501	496	491	543	547
507	503	497	493	549	544
506	501	496	492	544	547
511	503	497	493	550	544
504	501	496	492	549	546
511	503	497	491	544	547
511	504	498	493	550	549
510	504	498	494	545	547
513	503	498	494	550	544
507	503	498	494	550	546
511	504	498	494	544	548
511	504	499	494	550	546
511	505	500	495	550	550
510	505	500	494	545	548
512	505	500	495	551	547
511	505	500	495	546	550
513	504	499	495	550	546
509	505	499	495	551	547
511	505	499	495	545	549
511	504	499	495	551	547
510	505	499	495	550	550
511	504	498	493	545	548
511	505	499	495	551	547
506	502	497	493	545	549
512	502	497	493	549	545
506	502	497	493	549	546
510	503	497	493	544	547
504	501	497	491	544	547
511	504	497	493	549	547
506	500	496	491	544	546
511	503	497	492	549	544
506	505	498	493	546	547
512	504	498	494	550	544
507	503	498	494	550	544
511	504	498	494	545	547
511	504	499	494	551	546
512	504	499	494	550	549
511	504	499	493	545	548
510	504	499	494	550	546
510	504	499	494	546	549
511	502	498	493	544	548
506	502	497	493	550	546
510	503	497	493	544	547
512	504	498	493	550	544
511	504	498	494	550	549
511	505	499	493	545	548
512	505	499	495	550	546
509	505	499	495	546	550
511	504	499	494	550	545
506	503	498	494	550	546
506	500	496	492	544	547
511	503	497	493	549	546
506	503	498	493	549	548
511	504	498	492	544	547
510	505	499	494	550	544
509	505	499	495	546	547
510	504	499	495	551	545
506	504	499	495	551	547
511	504	499	495	545	548
511	504	498	494	550	546
511	504	499	494	550	549
510	504	499	493	544	548
510	504	499	495	550	546
509	504	498	494	545	549
511	504	498	494	549	545
507	504	498	494	550	546
511	504	499	494	544	548
511	504	498	494	550	544
512	504	498	494	550	549
511	504	499	493	545	548
511	504	499	494	550	546
510	505	499	495	546	549
510	505	499	495	550	545
507	504	499	495	550	546
509	503	498	494	544	548
511	502	497	493	550	546
511	503	498	493	549	549
506	502	497	492	543	547
511	503	497	493	549	545
505	499	495	492	544	546
510	503	497	491	544	546
505	500	495	492	548	543
510	503	497	492	544	546
506	500	496	492	549	543
511	503	497	492	549	546
507	504	498	492	544	546
512	504	499	494	550	544
511	505	499	495	546	547
512	505	499	495	551	544
509	504	499	495	551	546
509	504	499	494	550	545
511	505	499	495	551	547
512	504	499	495	550	549
512	504	499	493	545	550
511	504	499	495	549	547
511	505	499	495	545	549
512	505	499	495	550	545
509	504	499	495	550	545
510	505	499	495	546	547
511	505	499	495	551	550
511	505	499	495	550	550
513	506	500	494	545	548
514	502	498	494	550	546
511	503	498	494	545	549
507	502	497	493	549	544
508	503	497	493	549	545
509	503	497	493	543	547
511	503	498	493	549	543
510	504	498	494	550	546
510	503	498	492	545	547
510	503	498	494	550	544
510	503	498	494	546	548
511	504	498	494	549	544
510	504	498	494	550	546
510	504	499	494	544	547
510	505	499	495	550	544
510	504	499	495	550	549
510	504	499	493	545	548
511	504	498	494	550	546
510	504	498	494	545	549
511	504	499	493	544	547
510	502	497	493	549	546
509	503	498	493	544	547
510	505	499	494	550	544
512	505	499	495	550	547
511	505	499	494	545	547
511	505	499	495	551	546
511	505	499	495	545	547
511	504	498	494	549	545
517	501	497	493	549	546
510	502	497	493	543	547
505	500	496	492	548	543
510	503	497	492	549	546
509	503	497	492	544	546
510	503	497	493	549	543
510	503	497	493	545	546
512	504	498	493	549	543
511	501	497	493	549	543
509	503	497	493	544	546
512	504	498	493	549	546
511	504	499	494	550	546
510	505	499	493	545	547
510	505	499	495	550	544
510	505	500	495	547	549
510	504	499	495	550	545
511	502	497	494	550	546
510	503	497	493	544	547
511	504	498	494	549	545
512	504	499	494	549	549
510	504	499	493	544	547
509	504	499	494	550	544
512	504	499	494	546	547
511	505	499	495	550	544
510	502	497	494	550	546
511	504	498	494	544	547
511	504	498	494	550	546
515	501	497	493	548	548
511	504	498	494	549	547
507	505	499	493	544	548
512	505	499	494	545	547
510	505	499	494	545	547
510	502	497	494	550	544
509	503	497	493	545	547
511	503	498	493	550	544
510	504	498	494	550	548
511	504	499	493	544	547
511	505	499	495	550	546
511	505	500	495	545	549
511	505	499	495	549	544
510	502	497	494	550	546
509	503	498	494	544	547
511	503	498	494	549	544
512	504	498	494	550	548
512	505	499	493	544	547
512	505	499	495	550	544
511	506	500	495	546	549
510	506	500	495	550	545
510	502	498	494	550	546
510	503	498	494	544	547
512	503	498	494	549	546
512	504	498	494	549	549
512	505	499	495	549	547
511	505	499	495	550	544
511	503	498	494	546	547
511	504	498	494	550	544
508	500	496	492	549	545
509	503	497	493	543	546
505	499	495	491	548	544
511	502	496	492	547	545
507	500	495	490	542	545
512	503	496	492	548	542
507	503	497	492	544	545
512	505	499	494	549	543
510	503	498	494	549	543
509	504	498	494	544	546
512	505	499	493	545	546
512	505	499	495	550	547
512	505	500	494	545	547
511	505	500	495	551	544
512	506	500	496	547	549
511	505	499	495	550	545
511	502	498	494	550	546
508	503	498	494	544	547
510	504	498	494	549	545
511	504	498	494	549	548
511	504	498	493	544	547
511	504	499	494	549	544
510	504	499	494	546	546
511	507	500	495	551	544
511	502	498	494	550	544
512	500	496	493	544	546
510	502	497	493	549	545
506	503	497	493	548	548
512	504	498	492	543	546
510	504	498	494	549	543
511	504	498	494	545	546
511	504	498	494	550	543
511	502	497	493	549	543
508	504	498	493	544	546
510	504	499	494	550	545
512	504	499	494	549	547
511	504	499	493	545	547
511	503	498	494	550	545
511	504	498	494	545	547
510	504	498	494	549	544
511	501	497	493	549	545
508	503	497	493	543	546
511	505	498	494	549	543
510	504	499	494	550	546
511	503	498	493	545	546
512	504	498	494	550	544
511	504	499	494	546	548
512	505	499	495	549	547
513	502	497	494	549	545
509	504	498	494	544	547
510	508	501	496	550	544
511	507	501	496	551	547
508	502	498	494	545	547
513	504	499	495	550	546
506	499	496	492	544	548
512	503	497	493	548	543
505	500	495	492	548	544
508	503	497	492	542	545
506	501	496	492	548	542
511	504	498	493	548	545
506	502	497	492	544	545
511	504	498	493	549	543
511	505	499	494	545	546
513	505	499	494	550	543
512	502	497	494	549	543
508	503	498	494	544	546
511	505	499	494	550	545
511	505	499	495	549	547
511	505	500	494	545	547
510	505	499	495	550	546
511	505	499	495	545	547
512	505	499	495	550	544
513	502	498	494	550	545
506	504	498	494	544	547
512	505	499	494	550	545
513	506	500	495	549	548
510	505	500	494	544	547
510	507	501	496	550	546
510	506	501	496	546	548
508	503	498	495	550	544
513	501	497	494	550	546
507	498	494	491	543	546
513	503	497	492	548	544
512	505	499	493	548	547
510	505	499	493	543	546
510	504	499	494	549	543
509	504	499	494	545	546
511	504	498	494	550	546
511	502	497	493	549	543
508	504	498	494	544	546
511	504	498	494	549	545
511	504	498	494	549	546
510	504	499	493	544	546
511	505	499	495	550	543
511	506	500	495	546	547
511	505	500	495	551	544
512	502	498	494	550	546
509	504	499	494	544	547
512	505	499	495	550	546
513	505	499	495	549	549
512	505	500	494	544	547
511	505	499	495	550	546
510	505	500	495	545	547
510	504	499	495	550	544
510	504	499	495	550	546
507	503	498	494	544	547
508	500	497	492	544	548
511	503	497	493	548	548
510	503	497	492	543	546
512	504	498	493	548	543
504	500	496	492	544	545
512	504	497	493	549	543
505	500	496	492	548	542
507	503	497	492	543	545
506	501	496	492	548	542
514	504	498	493	548	545
511	504	498	492	544	545
512	504	498	494	549	543
512	505	499	494	545	546
511	505	499	495	550	543
511	503	498	494	550	543
506	503	498	494	544	546
512	504	498	494	550	545
511	504	499	494	549	548
510	504	499	493	544	547
511	504	499	495	549	545
511	504	499	495	545	547
510	506	500	495	550	544
511	504	499	495	550	544
507	504	499	495	545	547
512	504	499	495	550	546
512	503	498	494	549	548
511	504	498	494	549	547
507	500	496	492	548	545
511	503	498	492	543	543
506	501	496	492	548	542
513	502	497	492	548	542
506	503	497	493	543	545
510	503	498	493	549	542
505	503	498	493	549	545
512	504	498	494	549	546
511	504	498	494	549	543
512	504	499	494	545	546
511	505	499	493	545	546
511	503	498	494	550	543
505	503	498	494	544	546
509	504	498	494	549	543
511	504	498	494	549	548
511	503	498	493	543	546
513	504	498	494	549	543
511	504	499	494	545	546
513	505	499	495	550	543
511	504	499	495	550	543
506	504	499	494	545	547
511	505	499	495	550	545
510	504	499	495	549	548
512	505	499	495	549	547
512	504	499	495	550	545
512	502	497	494	544	546
513	504	498	494	549	543
507	501	496	493	549	544
507	504	498	493	543	546
504	500	496	492	548	542
511	503	497	493	548	545
503	500	495	490	543	545
512	503	497	492	548	542
506	500	496	492	544	545
513	504	497	492	548	542
512	503	497	493	548	542
507	503	498	493	543	545
509	505	499	494	549	543
511	505	500	494	545	544
511	505	499	494	545	546
511	505	499	495	550	544
512	506	500	494	545	544
512	505	499	495	550	544
511	505	499	495	550	546
509	504	499	495	544	547
510	505	499	495	550	546
510	504	499	495	549	549
510	504	499	493	544	547
511	504	499	495	549	545
510	504	499	494	545	547
512	504	498	494	549	543
511	504	499	494	550	543
508	505	499	495	545	546
512	506	500	495	550	544
506	501	497	494	550	548
510	504	498	493	544	547
505	500	496	493	549	545
511	503	497	493	544	547
504	499	495	491	547	542
512	503	497	492	548	542
507	503	497	493	543	545
511	504	498	493	549	542
505	504	499	494	549	545
511	504	499	493	544	546
511	504	499	495	550	543
511	505	499	495	546	546
511	505	499	495	550	544
510	504	499	495	550	545
510	504	499	494	544	547
511	504	498	494	549	545
511	505	499	495	549	548
511	506	500	494	544	547
511	506	500	496	550	544
510	505	500	496	546	547
513	506	500	496	551	544
512	505	499	495	545	549
509	504	499	495	544	547
511	504	499	495	550	546
512	505	499	495	549	547
517	502	497	492	544	546
512	505	499	494	549	545
505	501	497	492	543	543
512	504	497	493	549	543
510	504	498	494	549	543
509	503	498	494	544	546
505	499	495	492	548	542
512	503	497	492	548	545
505	502	497	491	543	545
511	504	498	493	548	542
511	506	499	494	545	545
512	506	500	495	550	543
511	504	499	495	550	543
507	503	498	494	544	546
511	503	498	494	549	545
512	504	498	494	549	548
513	505	499	493	543	546
511	505	499	495	549	543
511	505	500	495	546	546
511	506	500	495	550	544
511	506	500	496	550	544
510	504	499	495	545	547
512	504	499	495	550	546
512	504	499	495	549	548
512	505	499	494	544	547
512	505	499	495	549	545
510	505	499	495	545	547
517	502	497	494	549	543
511	504	498	494	549	543
507	500	496	492	543	545
511	503	497	493	548	542
504	499	495	491	548	545
513	502	496	492	548	545
505	500	495	491	547	541
511	503	497	492	543	544
506	501	496	492	548	541
512	504	497	493	548	542
510	503	498	493	543	545
511	504	498	493	549	542
512	504	499	494	549	545
512	504	499	494	549	546
512	504	499	494	549	543
510	504	499	493	544	543
512	506	499	495	550	543
511	505	499	495	550	543
511	504	499	495	545	546
509	504	498	494	550	545
512	504	499	494	549	548
512	504	499	493	543	546
512	504	499	494	549	545
511	504	499	494	544	546
511	505	499	495	549	543
511	506	500	495	550	543
512	504	499	495	545	546
514	502	497	494	549	543
511	503	498	493	544	545
508	500	495	491	542	546
512	503	496	492	548	542
505	499	495	491	543	544
513	503	496	492	547	541
505	501	496	492	547	541
512	502	496	492	542	541
508	503	497	492	548	541
510	504	498	493	548	544
510	504	499	493	544	545
512	504	499	494	549	543
512	504	499	495	545	546
512	504	499	495	550	543
512	505	499	495	550	543
510	502	498	494	544	546
512	505	499	494	550	545
512	506	500	495	549	548
511	505	499	494	544	547
510	504	499	495	550	545
510	504	499	495	545	547
511	504	499	495	550	543
511	504	498	494	549	545
511	502	498	494	543	546
508	503	497	493	549	544
510	507	499	494	548	546
509	506	500	494	544	546
512	501	497	494	549	543
510	503	498	493	544	543
506	503	497	493	549	543
512	503	497	493	549	543
510	501	496	492	543	545
508	503	497	493	548	542
505	501	496	492	548	545
511	503	497	491	543	545
506	503	498	493	548	542
511	504	498	494	544	545
507	504	499	494	549	543
512	505	499	493	544	546
512	502	497	493	544	546
509	503	497	493	549	543
511	505	499	493	544	543
511	505	499	493	544	546
513	505	499	495	550	543
511	505	499	495	546	546
513	505	499	495	550	544
512	504	499	495	550	545
512	501	497	494	543	544
509	503	497	493	549	545
511	505	499	494	548	547
511	505	500	493	543	546
511	505	499	495	549	543
512	509	502	497	546	546
511	507	501	497	551	544
507	503	499	495	550	544
513	500	496	493	544	546
509	498	494	491	548	544
512	503	496	491	547	547
504	500	495	490	541	544
512	503	497	492	547	541
510	504	498	493	544	544
511	504	498	493	548	542
506	503	498	494	549	542
511	501	497	493	543	545
509	503	497	493	548	542
512	505	498	494	549	545
514	506	499	495	549	546
513	505	500	495	550	543
511	506	500	494	545	544
510	505	499	495	550	544
511	504	499	495	550	545
511	501	497	493	543	546
508	503	497	493	548	544
511	503	498	493	548	547
511	504	498	492	543	546
511	504	499	494	544	545
512	505	499	495	545	546
511	505	499	495	550	543
510	504	499	495	550	543
511	500	496	493	544	546
508	502	497	493	548	544
507	500	496	490	542	544
513	503	497	491	542	545
508	500	495	491	547	541
512	504	497	493	544	544
511	505	498	494	548	542
511	505	499	494	549	542
505	500	496	492	543	545
507	503	497	493	548	542
506	503	498	493	548	545
513	504	498	494	549	545
513	505	499	494	549	542
513	506	500	495	545	546
513	506	500	495	550	543
510	505	499	495	550	544
510	501	497	494	544	546
506	502	497	493	549	545
509	503	497	493	548	547
512	503	497	493	547	546
512	504	498	493	548	542
511	504	498	494	544	545
511	505	499	494	549	543
510	505	499	495	549	543
510	502	498	493	549	543
506	502	497	493	549	543
510	503	497	493	549	545
510	502	497	492	543	545
513	503	498	493	548	542
508	503	497	493	544	545
511	505	498	494	549	542
507	505	499	494	549	543
510	502	498	494	544	546
506	503	498	494	549	543
511	504	498	494	549	545
510	503	498	492	544	546
512	504	498	494	549	543
510	504	498	494	545	545
511	504	498	494	549	543
512	504	498	494	549	543
510	502	498	494	544	546
506	503	497	493	549	543
509	503	498	492	544	543
511	504	498	492	544	545
513	504	498	494	549	543
511	504	498	494	545	545
512	504	498	494	549	543
510	504	499	494	549	543
511	502	497	493	544	545
507	503	497	493	549	543
510	504	498	494	549	545
511	504	498	493	544	545
511	504	499	494	549	543
511	503	498	494	545	546
511	503	498	494	549	543
510	504	499	493	544	546
508	501	496	493	543	545
507	503	497	493	548	542
509	504	498	493	549	545
510	504	498	493	544	545
510	504	498	494	549	543
511	504	499	494	545	543
512	504	498	494	549	543
512	504	498	494	549	543
511	502	497	493	544	545
506	503	497	493	549	542
509	504	498	493	549	545
509	504	499	493	544	545
511	504	499	494	549	543
509	504	499	494	545	545
512	504	498	494	549	543
512	503	498	494	549	543
512	502	498	494	544	546
509	504	498	494	549	543
511	506	499	495	549	546
511	505	500	494	545	546
510	505	499	495	550	543
510	504	499	495	546	546
512	504	498	494	550	543
511	504	499	494	549	545
511	501	497	493	543	546
507	502	496	493	548	544
510	503	498	492	542	543
506	501	496	491	542	545
510	503	497	493	548	542
507	503	497	493	544	544
512	503	497	493	548	542
505	500	496	492	548	542
511	501	496	492	542	544
507	502	496	492	547	541
512	505	498	493	548	544
510	504	499	493	543	545
511	505	500	494	544	545
511	505	499	495	545	546
510	504	499	495	550	543
510	504	499	494	545	546
511	502	497	494	544	546
507	503	497	493	549	544
510	503	497	493	548	545
510	504	498	492	543	545
510	505	499	494	549	542
511	505	499	495	545	543
510	505	499	495	550	543
511	505	499	495	550	543
511	503	498	494	544	546
508	503	498	494	549	545
511	504	498	494	548	547
511	505	499	493	543	546
515	502	497	494	548	542
510	504	498	494	545	545
504	501	496	493	548	542
512	503	497	493	548	542
504	501	496	492	543	545
507	502	496	492	548	542
510	503	497	493	548	544
512	504	498	492	543	545
510	505	499	494	549	542
511	505	499	495	545	545
510	505	499	495	549	543
510	504	499	495	549	543
511	503	499	493	549	543
509	503	497	493	549	543
509	503	498	492	544	543
511	504	497	492	543	545
512	504	498	494	549	542
511	504	498	494	545	545
510	505	499	494	549	543
511	505	499	494	549	543
510	504	499	494	544	546
507	503	498	494	544	545
510	503	498	494	549	545
512	504	498	493	544	545
511	505	499	493	544	546
511	504	498	494	545	545
511	505	499	495	549	543
515	502	498	493	544	545
511	503	497	493	544	545
505	499	495	492	548	542
510	502	496	492	547	544
509	502	497	491	542	544
512	503	497	493	548	541
511	504	498	493	544	544
511	505	498	494	549	542
512	505	499	495	549	542
510	505	499	495	544	546
508	503	498	494	549	543
510	504	498	494	549	546
511	504	498	494	549	546
512	504	498	494	549	543
511	504	498	494	545	546
512	504	498	494	549	543
511	505	499	494	549	543
510	505	499	495	544	546
509	504	498	494	549	543
510	504	499	494	549	546
511	504	499	493	544	546
512	504	498	494	549	543
511	504	499	494	544	543
513	506	499	495	550	543
511	505	499	495	550	543
511	505	499	495	545	546
509	504	499	495	550	545
514	501	497	493	548	547
511	504	498	492	543	546
508	500	496	492	548	544
512	503	497	493	543	545
510	504	498	493	548	542
512	504	498	494	548	542
505	501	497	493	543	545
510	503	497	493	548	542
506	503	497	493	548	545
512	504	498	493	548	545
511	504	498	494	549	542
511	504	499	494	545	545
512	504	499	494	549	543
511	504	499	493	544	545
512	505	499	494	544	546
511	504	498	494	549	543
510	505	499	495	549	546
510	505	499	494	544	546
511	504	499	495	549	543
511	504	499	494	545	546
511	504	498	494	549	543
511	504	498	494	549	543
511	505	499	494	544	546
510	503	498	494	549	543
509	504	498	494	549	546
511	505	498	494	549	546
511	505	499	494	544	546
510	501	496	493	544	545
512	504	497	493	548	542
508	499	495	492	547	542
512	503	497	492	543	544
505	500	495	491	547	541
509	503	497	492	547	542
512	505	498	492	543	544
511	504	499	494	548	542
509	504	499	494	545	545
511	504	499	494	549	542
510	504	499	494	549	543
511	504	499	494	544	546
513	504	498	494	549	543
510	504	499	494	549	545
511	505	499	494	544	546
511	505	499	495	550	543
512	506	500	496	546	546
511	506	500	496	550	544
512	505	500	495	550	545
512	505	499	495	544	547
513	503	498	494	549	545
511	503	498	494	548	548
511	505	499	493	543	546
511	505	499	495	549	543
511	505	500	495	545	546
511	508	501	496	550	543
511	506	501	495	545	547
510	501	497	494	544	546
513	501	496	493	549	544
507	501	496	492	547	545
510	503	497	491	543	545
503	500	495	492	547	541
510	503	497	492	543	544
506	501	496	492	547	541
512	503	497	492	547	541
506	503	498	493	543	544
512	502	498	492	543	544
510	503	497	493	548	544
512	504	498	494	548	545
511	505	500	493	544	545
510	505	499	495	545	545
510	504	498	494	549	543
512	504	498	494	549	543
509	504	498	494	544	546
510	501	496	493	548	542
510	502	497	493	548	543
510	503	497	492	543	545
511	503	497	493	548	542
510	504	498	494	544	545
514	506	499	495	549	542
513	506	500	495	549	543
511	506	500	496	545	546
512	501	497	494	549	543
509	503	497	493	549	545
509	500	496	492	548	545
512	503	497	493	548	542
505	500	495	491	543	544
513	504	497	492	547	541
505	501	496	492	547	541
511	504	497	493	543	544
507	500	496	492	547	541
509	502	496	492	547	544
510	504	498	492	543	544
511	504	498	493	548	542
512	505	499	493	544	542
511	505	499	495	549	542
510	505	500	494	544	545
512	505	499	495	544	546
511	501	497	493	549	543
510	503	497	493	548	545
511	503	498	492	543	545
511	503	498	493	548	542
512	504	499	494	544	545
513	507	500	495	549	543
511	506	500	496	550	543
510	507	501	496	545	546
511	502	499	494	545	546
509	503	498	494	549	548
512	504	498	494	548	546
511	505	499	493	544	545
512	506	499	495	545	546
508	502	497	494	549	543
511	504	498	494	549	543
505	503	498	494	544	545
511	501	496	493	548	542
504	499	494	491	547	544
511	502	496	492	547	544
506	500	495	491	547	541
512	504	497	492	543	544
513	505	498	493	548	541
511	504	498	494	548	542
510	505	499	494	544	545
510	502	497	494	549	542
508	504	498	494	549	545
511	504	498	494	549	545
512	504	498	494	549	542
511	504	499	494	545	545
512	505	499	495	549	543
512	505	499	495	549	543
511	504	499	495	544	546
511	501	497	493	549	543
507	504	498	493	544	543
510	504	498	493	544	545
512	505	499	494	549	543
511	504	499	495	545	545
512	505	499	495	549	543
512	503	498	494	549	543
511	504	498	494	544	546
507	502	497	493	548	542
508	504	498	494	549	545
504	500	496	491	543	545
511	504	497	493	548	542
511	504	498	493	544	545
512	505	499	494	549	542
512	504	499	494	549	542
510	503	498	494	544	545
510	500	496	493	548	542
506	502	497	493	548	544
510	504	498	492	543	545
510	504	499	493	543	545
511	504	498	494	544	545
511	505	499	494	549	542
511	505	499	495	549	543
512	504	499	495	544	546
511	501	497	493	549	543
506	503	497	493	548	545
510	504	498	494	549	545
512	505	498	494	549	542
510	504	499	494	545	545
511	505	499	494	549	542
510	504	499	494	549	543
511	504	499	494	544	545
511	501	497	492	544	545
506	500	495	492	548	545
510	503	497	491	543	544
506	502	496	492	547	541
510	503	497	493	543	544
510	504	498	493	548	541
512	504	498	494	548	544
511	503	498	494	543	545
512	501	497	493	548	542
507	503	497	493	548	544
512	504	498	493	543	545
513	505	499	494	549	542
512	505	499	495	545	545
511	505	499	495	549	543
510	504	499	495	549	543
512	505	499	495	544	546
511	502	498	494	549	543
508	504	498	494	549	545
512	505	499	493	544	545
511	505	499	495	549	543
511	505	500	495	545	546
512	506	500	496	550	543
511	505	500	495	550	543
512	504	499	495	545	546
511	502	498	494	549	545
507	502	497	493	548	547
510	503	498	492	542	545
510	503	498	493	543	545
512	502	497	493	544	545
511	504	498	493	548	542
507	501	496	492	548	542
511	503	497	493	543	545
510	502	497	493	548	542
506	502	497	493	548	544
505	500	495	492	547	544
513	503	497	492	547	541
506	502	497	492	543	544
511	504	498	492	543	544
505	504	498	494	548	542
512	505	499	494	543	545
511	502	498	492	543	545
506	502	497	493	548	545
511	504	498	492	543	545
511	504	498	494	548	542
512	505	499	495	545	545
511	505	499	495	549	543
512	505	500	495	550	546
511	505	500	495	545	546
512	503	499	495	550	543
508	503	498	494	549	547
511	504	498	493	543	546
512	504	499	494	549	544
512	505	499	495	544	546
511	505	499	495	549	543
511	505	499	495	549	543
515	502	497	494	544	546
511	502	497	493	548	542
506	499	495	492	547	544
509	502	496	490	542	544
505	499	494	490	546	541
512	503	496	491	543	543
505	501	496	491	547	540
510	504	497	492	547	541
507	502	497	493	542	544
512	503	497	493	548	541
506	504	499	493	543	542
511	504	498	493	543	545
511	505	499	493	544	545
512	505	499	495	545	545
513	506	499	495	549	543
511	505	499	495	549	543
511	505	500	495	544	546
510	504	499	495	549	543
507	504	499	495	549	546
510	504	499	493	544	546
511	505	499	495	549	543
511	504	499	495	545	545
512	505	500	494	544	546
512	506	499	495	549	543
511	505	499	495	544	546
511	503	499	494	544	546
507	504	498	494	549	546
516	502	497	493	549	545
511	503	497	493	548	542
507	500	495	492	543	544
514	504	497	492	548	541
506	500	495	491	547	541
512	503	497	492	542	544
506	500	496	492	547	541
507	502	497	492	547	544
508	503	497	492	547	544
511	503	497	493	547	541
511	504	498	493	544	544
513	504	498	494	548	542
513	505	499	494	549	542
511	505	499	495	544	545
513	504	499	495	549	543
507	504	499	495	549	545
511	506	499	495	550	546
511	506	500	496	550	543
512	505	500	496	546	546
511	504	499	495	550	545
512	504	498	493	544	548
511	504	498	494	543	546
512	504	499	494	549	544
508	506	500	495	548	546
510	506	500	494	544	546
512	506	500	496	550	543
511	505	500	496	546	546
512	502	498	494	549	543
511	503	498	494	549	545
506	502	497	493	543	546
511	503	497	493	548	542
506	503	497	493	548	545
509	504	498	492	543	545
510	504	498	494	548	542
509	504	498	494	544	545
510	504	498	494	549	542
510	504	499	494	549	542
511	504	499	494	544	545
510	504	499	493	544	545
508	503	498	494	549	545
510	505	499	495	549	545
511	505	499	495	549	543
510	505	499	495	545	546
511	505	499	495	549	543
512	505	499	495	549	543
511	504	499	495	544	546
512	504	499	495	549	543
510	504	499	495	549	546
510	504	499	494	550	543
514	506	499	494	549	543
510	506	500	495	545	546
511	505	500	494	545	548
511	507	500	496	549	544
512	505	500	496	545	546
514	502	498	494	549	543
511	502	497	494	549	545
509	499	495	491	543	545
512	503	497	492	548	544
504	500	495	491	543	544
512	504	497	492	547	541
506	501	496	492	547	541
510	504	498	493	542	544
508	503	497	493	548	541
511	503	497	493	548	544
506	505	499	493	543	545
512	505	499	494	549	542
511	505	499	495	545	545
510	505	499	495	549	543
510	504	499	495	549	543
511	504	499	495	544	546
512	504	498	494	549	543
510	503	498	494	549	545
510	503	498	492	543	545
511	504	498	494	549	542
511	505	499	494	545	545
511	505	499	495	549	543
511	506	500	495	549	543
511	505	500	495	544	546
511	505	500	494	545	546
511	506	500	496	550	546
511	505	500	494	545	546
512	501	497	494	549	543
512	504	498	494	545	547
507	501	496	492	547	542
512	504	497	493	548	542
503	500	496	492	547	541
513	503	497	492	547	541
511	502	497	492	547	544
510	502	497	491	542	544
511	503	497	493	547	541
512	504	498	493	544	544
511	505	499	493	543	544
512	505	499	495	549	542
511	505	499	495	544	545
510	505	499	495	549	543
510	503	499	494	549	545
510	504	499	493	544	546
511	504	498	494	549	545
512	504	498	494	545	545
511	504	498	494	549	542
511	505	499	494	549	542
511	505	499	495	544	545
510	505	499	495	549	543
511	503	498	494	549	545
512	504	499	493	544	546
511	505	499	495	549	543
512	508	501	496	546	546
512	506	501	496	550	543
509	503	498	495	550	543
512	505	499	495	544	546
507	501	497	493	549	544
511	501	496	492	547	547
509	503	497	491	542	545
511	503	497	493	547	542
504	500	495	492	543	544
514	504	497	492	547	541
512	504	499	492	543	544
510	505	499	494	543	545
509	505	500	494	544	545
511	503	498	494	549	545
508	503	498	493	544	545
510	504	498	494	549	542
511	504	498	494	545	545
511	504	498	494	549	542
511	504	498	494	549	542
510	503	498	494	544	545
510	504	498	494	549	542
512	501	497	493	548	545
509	502	497	492	543	545
511	503	497	493	548	542
510	504	498	494	544	545
512	503	499	493	543	545
512	504	498	494	548	542
511	505	498	494	544	545
512	505	499	494	549	542
507	501	497	493	548	545
508	503	497	492	543	545
504	500	495	492	547	541
511	502	496	492	543	544
504	499	494	491	547	541
511	503	496	492	547	541
510	505	498	493	542	544
512	505	499	494	548	541
509	502	498	494	548	544
510	504	498	493	543	545
512	505	499	494	549	542
510	505	499	495	545	545
512	505	499	495	549	542
511	504	499	495	549	543
512	505	500	495	544	546
512	505	499	495	549	543
511	502	498	494	549	545
508	503	498	492	544	545
510	504	498	494	549	542
509	504	498	494	545	545
511	504	498	494	549	542
511	504	499	494	549	542
511	503	498	494	544	545
511	503	498	494	549	542
512	502	497	493	548	545
509	502	497	491	543	544
511	505	498	494	548	542
507	502	497	493	544	544
512	504	498	493	548	542
508	503	498	493	548	542
511	503	498	493	543	545
510	504	498	494	548	542
512	501	497	493	548	544
509	503	497	492	543	544
511	504	498	494	548	542
511	504	499	494	544	545
510	505	500	494	544	545
510	503	498	494	549	542
510	503	498	494	544	545
511	504	498	494	549	542
513	501	497	493	548	545
508	503	497	492	543	545
511	504	498	493	548	542
511	505	499	494	544	545
510	505	499	495	549	542
511	505	499	495	549	543
510	505	500	494	549	543
511	504	498	495	549	543
510	501	497	493	548	545
508	502	497	492	543	545
510	503	498	493	548	542
511	504	498	494	544	545
512	504	498	494	548	542
511	504	498	494	548	542
506	501	496	493	543	545
511	503	497	493	548	544
511	500	496	492	547	544
508	502	496	491	542	544
511	503	497	493	547	541
511	504	498	494	544	544
511	505	499	494	548	542
509	505	499	495	549	542
510	505	500	495	544	545
511	505	499	495	549	543
511	501	497	494	549	545
507	502	497	492	543	545
511	503	497	493	548	542
510	504	498	494	544	545
511	505	499	494	549	542
511	505	499	495	549	542
511	506	500	495	544	546
512	504	499	495	549	543
510	501	497	494	549	545
507	502	497	492	543	545
511	503	497	493	548	542
511	504	498	494	544	545
511	504	499	493	543	545
511	505	499	495	549	542
510	504	499	495	544	545
511	502	497	494	548	542
511	501	496	493	548	545
506	499	494	490	542	544
513	502	496	492	547	541
506	503	497	492	542	541
512	504	498	493	547	541
511	504	498	494	548	541
510	504	498	494	543	544
511	505	499	494	549	542
511	503	498	494	549	545
507	504	498	493	544	545
511	504	498	494	549	542
511	505	499	495	545	545
512	504	499	495	549	543
512	504	499	495	549	543
511	505	499	495	544	546
511	505	499	495	549	546
510	502	498	494	549	545
506	503	498	493	544	545
510	503	497	493	548	542
511	503	498	493	544	545
512	504	498	494	548	542
512	505	499	494	549	542
513	505	499	495	544	545
510	504	498	494	549	542
511	503	498	494	549	545
505	503	498	492	543	545
513	501	496	493	548	542
511	503	497	493	544	544
506	500	495	492	547	541
512	502	496	492	547	541
511	503	497	493	542	544
511	503	498	493	548	541
510	502	497	493	548	544
506	503	497	493	548	544
509	504	498	493	548	541
510	504	498	494	544	544
511	504	499	493	543	545
512	504	498	494	548	542
512	504	498	494	543	545
511	504	498	494	549	542
511	502	497	494	548	545
506	503	498	492	543	545
509	503	498	493	548	542
510	503	498	494	544	545
510	503	497	493	548	542
510	504	498	494	548	542
511	504	498	494	543	545
512	504	499	494	549	542
511	503	498	494	549	545
507	504	498	493	543	545
510	504	498	494	549	542
511	504	498	494	545	545
510	504	498	494	549	542
518	501	497	493	548	542
512	502	497	493	543	545
507	502	497	493	548	542
512	503	497	493	548	544
505	503	497	492	543	544
510	503	498	493	548	542
509	504	498	494	544	544
510	504	498	494	548	542
511	503	498	494	548	542
510	504	498	494	543	545
512	505	499	494	549	542
511	503	498	494	549	545
507	503	498	492	543	545
510	504	498	494	548	542
511	504	499	494	544	545
511	505	499	494	549	542
511	504	499	494	549	542
511	504	499	494	544	545
512	504	499	493	544	545
512	503	498	494	549	545
506	503	498	493	543	545
510	504	498	494	548	542
511	505	499	494	544	545
511	505	499	495	549	542
511	504	499	495	549	542
511	504	499	495	544	545
511	504	499	495	549	543
514	501	497	493	548	545
507	502	497	492	543	545
506	504	498	493	548	542
511	504	498	494	544	544
510	504	498	494	548	542
510	504	498	494	548	542
510	504	498	494	543	545
511	503	498	494	548	542
511	503	498	494	548	545
508	503	498	492	543	545
511	504	498	494	548	542
511	505	499	494	544	545
512	506	499	495	549	542
513	507	501	496	550	543
511	506	501	496	545	546
511	505	500	496	550	543
512	504	499	495	550	548
508	503	498	493	543	546
511	503	498	494	548	544
510	503	498	493	543	544
512	506	499	494	548	542
511	505	499	495	548	542
510	504	499	495	544	545
511	504	499	495	549	542
511	503	498	494	549	545
508	505	498	493	544	545
509	503	498	494	549	542
511	501	496	493	544	545
512	505	498	494	548	545
506	503	497	493	548	542
510	503	498	493	543	545
510	503	498	493	548	542
511	503	498	493	548	544
508	503	498	492	543	545
511	504	498	494	548	542
511	504	498	494	544	545
512	504	498	494	549	542
511	505	499	495	549	542
509	505	499	495	544	545
510	505	499	495	549	543
510	504	499	495	549	545
509	503	498	493	544	545
510	503	498	494	549	542
511	503	498	494	544	545
510	503	498	494	548	542
511	503	498	494	548	542
510	504	499	494	543	545
510	505	499	494	549	542
510	504	499	495	549	545
509	504	499	493	544	545
510	505	499	495	549	542
510	504	499	495	545	545
512	508	500	496	550	543
511	506	500	496	550	543
509	501	497	494	544	546
511	504	498	494	549	544
506	503	498	494	543	545
508	503	498	492	542	545
509	503	498	493	548	542
510	503	498	493	544	544
512	504	498	494	548	542
511	504	498	494	548	542
512	504	499	494	543	545
511	504	499	494	549	542
510	505	499	495	549	545
508	504	499	493	544	545
510	503	498	494	549	542
510	504	498	494	544	545
511	504	498	494	549	545
511	504	498	494	549	542
512	504	498	494	543	545
511	504	499	494	549	542
512	505	499	495	549	545
511	504	499	495	549	545
509	504	498	494	549	543
511	503	498	494	545	545
512	505	499	494	549	542
511	504	499	494	549	542
511	504	499	494	544	545
512	507	500	496	549	543
511	506	500	496	550	546
506	502	498	493	544	546
510	504	498	494	549	543
507	501	497	493	544	547
511	503	497	493	547	542
510	503	497	493	548	542
511	503	498	493	543	544
511	504	499	493	543	544
511	504	498	494	548	545
510	503	498	493	543	545
509	504	498	494	548	542
511	504	499	494	544	545
511	504	499	494	549	542
511	504	498	494	549	542
511	504	499	494	544	545
512	504	499	494	549	542
510	504	499	495	549	545
510	502	498	493	543	545
508	504	498	494	548	542
510	504	498	494	544	545
510	504	498	494	549	542
511	504	498	494	549	542
510	504	499	494	544	545
512	505	499	495	549	542
511	505	499	495	549	545
510	502	498	493	544	545
509	506	499	495	549	542
510	505	500	495	545	545
508	501	497	494	549	542
511	503	497	493	548	542
510	503	497	493	543	545
512	503	497	493	548	542
511	503	497	493	548	544
511	502	497	492	543	544
510	503	497	493	548	541
510	503	498	492	543	542
511	505	498	494	548	542
510	505	499	494	549	542
512	504	499	494	544	545
511	503	498	494	549	542
512	503	498	494	548	545
511	501	496	493	548	545
509	502	496	492	547	541
509	504	497	493	543	544
511	505	498	492	543	544
511	505	499	494	548	542
511	505	499	495	544	545
512	504	499	495	549	542
511	504	499	495	549	545
510	501	497	492	543	545
508	503	497	493	548	542
511	504	498	493	544	544
511	505	499	494	548	542
510	504	498	494	548	542
510	504	499	494	543	545
507	500	496	493	548	542
511	502	497	493	548	544
506	500	495	492	547	544
510	502	495	492	547	541
511	503	497	492	543	543
511	504	498	493	548	541
510	505	499	494	548	541
511	504	499	494	543	545
511	504	499	494	549	542
511	504	499	495	549	545
510	501	497	492	543	545
508	502	497	493	548	542
511	503	498	493	544	544
512	504	498	493	548	542
512	504	498	494	548	542
510	505	499	494	543	545
511	504	499	494	549	542
512	504	499	493	544	543
512	501	496	492	543	545
508	502	496	492	548	542
511	503	497	493	543	544
511	504	498	493	548	541
511	504	498	494	548	541
511	504	499	494	543	545
511	505	499	494	549	542
511	502	498	494	548	545
510	500	496	491	543	545
509	501	496	492	547	541
510	502	497	492	543	544
511	504	497	493	547	541
511	504	498	493	548	541
511	504	499	494	543	544
510	505	499	494	548	542
511	505	499	495	549	545
510	501	497	492	543	545
508	502	497	493	548	542
511	503	497	493	544	544
512	504	498	493	548	542
512	504	498	494	548	542
511	504	499	494	543	545
511	505	499	495	549	542
512	505	499	495	549	545
510	501	497	492	543	545
508	502	497	493	548	542
510	503	497	493	544	544
511	503	497	493	548	542
512	503	498	493	548	542
513	505	499	494	543	545
513	505	499	495	549	542
512	505	499	495	549	545
511	502	498	493	543	545
508	503	498	494	548	542
512	501	497	493	544	544
512	504	498	493	548	542
508	501	496	492	542	544
512	504	498	493	543	544
511	504	498	494	548	542
511	505	499	494	548	544
504	501	497	492	543	545
506	503	497	493	548	542
504	500	496	491	542	541
512	503	496	492	547	541
509	504	498	493	547	541
512	505	499	494	543	544
512	505	499	494	548	542
511	505	499	495	549	545
512	502	498	493	543	545
506	503	498	494	548	542
510	505	499	494	545	545
511	505	499	495	549	542
512	505	499	495	549	542
512	505	499	495	544	545
511	504	499	495	549	543
511	504	499	495	549	545
511	502	497	492	543	545
506	503	497	493	548	542
511	504	498	494	544	545
511	505	499	494	548	542
512	504	499	494	549	542
517	501	497	493	543	545
513	504	498	493	548	542
508	500	496	492	547	544
512	501	496	491	548	541
505	499	494	490	546	541
510	503	496	491	542	543
505	501	496	490	541	543
511	504	497	492	547	540
506	501	496	492	542	543
513	503	497	493	547	541
506	501	496	492	547	543
513	501	496	491	542	543
507	503	497	493	547	541
510	504	498	494	544	544
514	506	499	495	548	542
510	504	499	495	549	542
511	504	499	495	544	545
510	504	499	495	549	542
511	504	498	494	549	545
511	501	497	492	543	545
507	503	497	493	548	542
511	505	499	493	543	542
511	505	498	494	548	542
511	505	499	495	549	542
511	506	500	495	544	545
511	504	499	495	549	542
511	505	499	495	549	545
520	501	497	492	543	545
507	503	497	493	548	542
507	503	498	493	544	544
511	504	498	494	548	542
503	500	496	492	547	541
511	503	497	493	542	544
506	500	496	492	547	541
511	503	497	491	542	541
507	500	495	490	542	543
508	502	496	492	547	540
510	504	498	493	543	543
511	504	498	494	548	541
511	505	499	494	548	542
511	506	500	495	544	542
511	505	500	495	549	542
510	504	499	495	549	545
510	501	497	492	543	545
507	502	497	493	548	542
511	504	498	493	544	544
513	505	499	494	548	542
512	505	500	495	549	542
511	505	500	495	544	545
512	506	500	495	549	543
511	505	500	495	549	545
511	503	498	493	544	546
509	503	498	494	549	542
512	504	498	494	544	545
514	502	497	493	548	542
512	504	498	494	548	542
508	501	496	493	543	544
512	504	498	493	548	542
503	500	496	492	547	544
511	501	496	490	542	544
505	499	494	491	546	540
511	503	496	492	542	543
507	503	497	492	547	540
512	504	498	493	547	541
511	505	499	494	543	544
511	505	499	495	548	542
511	506	500	495	549	545
511	503	499	493	544	545
507	503	498	494	549	542
511	504	498	494	544	545
512	505	499	495	549	542
512	505	500	494	544	545
512	505	499	495	544	545
512	506	500	495	549	543
509	504	500	494	544	543
509	503	498	493	544	545
509	503	498	494	548	542
510	503	498	494	544	545
512	504	498	494	549	542
512	506	499	495	549	542
512	506	500	495	544	545
511	502	498	494	549	542
511	504	498	494	549	545
506	500	496	491	543	545
508	502	496	492	547	541
504	499	495	491	543	544
512	503	496	492	547	541
506	500	495	491	546	540
513	503	497	492	542	543
512	504	498	493	547	541
510	505	499	494	548	544
511	504	499	493	543	544
508	503	498	494	548	542
508	503	498	494	544	544
510	503	497	493	548	542
511	503	498	493	548	542
512	504	498	494	543	544
512	505	499	494	548	542
510	505	499	495	549	545
510	504	499	494	549	543
507	504	498	493	549	542
510	504	499	493	544	542
511	505	498	494	549	542
512	505	499	494	549	542
513	506	500	495	544	545
513	506	500	496	549	543
512	510	502	497	550	546
511	507	502	496	546	547
510	503	499	496	545	547
509	504	499	495	546	548
505	500	496	493	548	543
512	503	497	493	548	542
506	499	495	491	542	544
513	503	497	492	547	541
506	500	496	490	542	541
513	504	497	492	547	543
506	504	497	493	547	541
510	504	498	494	544	544
512	505	499	494	548	541
512	504	499	494	548	542
512	504	499	495	544	545
512	504	499	495	549	542
513	505	499	495	549	545
512	505	499	495	549	545
510	504	498	495	549	543
509	504	499	495	545	545
512	505	499	495	549	543
512	504	499	495	549	543
512	504	499	495	544	545
511	504	499	495	549	542
513	504	499	495	549	545
514	505	500	494	544	545
510	505	499	495	549	543
509	508	501	496	546	546
511	506	500	496	550	543
507	501	497	494	549	543
511	502	497	494	543	545
506	498	494	491	547	543
512	502	496	491	546	544
510	504	497	491	542	544
511	503	497	493	547	541
505	501	496	492	543	543
512	504	497	493	547	541
505	501	496	492	547	541
511	503	497	493	542	544
512	504	498	494	548	541
513	505	499	494	548	544
511	505	499	493	543	545
510	503	498	494	548	542
509	504	498	494	544	545
510	504	498	494	548	542
511	504	498	494	548	542
510	504	499	494	543	545
511	504	498	494	548	542
511	503	499	493	543	542
511	504	498	493	543	545
510	502	497	493	548	542
510	504	498	494	544	544
511	505	499	494	548	542
511	505	499	495	549	542
511	505	499	495	544	545
511	505	499	495	549	542
506	501	497	493	548	545
512	503	497	493	548	545
507	501	496	492	547	541
510	502	496	492	543	544
509	504	497	493	547	541
510	504	499	493	543	544
510	505	498	494	543	544
511	504	498	494	548	542
510	505	499	494	548	545
511	504	499	493	544	545
510	502	497	494	548	542
510	503	498	494	544	542
513	504	498	494	548	542
512	504	498	494	548	542
511	504	499	494	543	545
510	504	499	494	548	542
511	505	499	495	549	545
510	504	499	493	544	545
511	502	497	494	548	542
509	503	498	494	544	545
511	504	498	494	548	542
511	504	498	494	548	542
510	505	499	494	543	545
512	505	500	495	549	542
511	504	499	495	549	545
510	503	498	493	544	545
511	503	498	494	548	542
508	501	497	493	544	545
510	503	497	493	548	542
510	503	497	493	548	541
511	504	498	494	543	544
511	504	498	494	548	542
509	504	499	493	543	542
504	502	497	492	543	544
512	501	496	492	547	541
508	503	497	492	543	544
513	504	498	493	547	541
512	504	498	494	548	541
511	505	499	494	543	544
512	505	499	495	549	542
510	505	500	495	549	545
512	505	500	494	544	545
511	502	498	493	544	545
509	502	497	494	544	545
512	504	498	494	548	542
511	504	499	493	543	545
511	504	498	494	543	545
513	505	499	495	549	542
511	505	499	495	549	545
511	505	500	494	544	545
511	503	498	494	549	542
509	503	498	494	544	542
513	503	497	493	548	542
512	503	498	493	548	542
507	500	496	492	542	544
512	502	496	492	547	541
506	503	497	492	547	544
510	504	498	492	542	544
510	501	496	492	547	541
507	502	497	493	543	544
511	503	497	493	547	541
510	504	498	493	548	541
511	504	498	494	543	544
512	504	498	494	548	542
511	504	499	494	548	544
511	505	499	493	543	545
511	502	497	494	548	542
508	503	497	493	544	544
510	504	498	493	548	542
511	503	498	494	548	542
512	503	498	493	548	542
512	504	498	494	548	542
512	505	499	493	543	543
512	505	499	495	549	545
510	502	497	494	548	542
507	504	498	494	544	545
510	504	498	494	548	542
511	504	498	494	548	542
512	504	498	494	543	545
514	501	497	493	548	542
511	503	497	493	548	544
508	503	497	493	548	544
512	501	496	492	547	541
506	502	497	492	543	544
511	504	498	493	547	541
509	504	499	493	543	544
511	504	498	494	543	544
507	501	496	493	548	541
513	503	497	493	547	544
511	504	498	492	543	544
511	501	496	493	547	541
509	503	497	493	543	544
511	504	498	493	548	541
510	504	498	494	548	541
510	503	498	494	543	544
511	504	498	494	548	542
510	503	498	494	548	544
511	503	498	493	543	545
510	500	496	493	548	541
509	503	497	493	544	544
510	504	498	493	548	541
510	504	498	493	548	541
511	505	499	494	543	544
510	504	498	494	548	542
511	504	498	494	548	544
512	505	498	494	549	545
517	502	497	493	548	542
511	505	499	493	543	542
507	503	497	494	548	542
511	505	499	494	548	542
505	501	497	493	543	544
513	504	498	493	548	542
506	501	497	493	548	544
512	503	497	492	543	544
506	501	496	492	547	541
507	503	497	493	543	544
506	500	495	492	547	541
513	504	498	493	547	541
510	505	499	494	543	544
511	505	499	495	548	542
511	505	499	495	549	545
511	504	499	494	544	545
512	502	497	494	548	542
507	503	497	493	544	545
511	505	498	494	548	542
510	505	500	493	544	545
512	506	500	495	544	545
511	506	500	495	549	543
511	506	500	496	549	546
511	505	499	494	544	546
513	502	498	494	549	543
507	503	497	494	544	545
511	504	498	494	548	542
518	502	497	493	548	542
512	505	499	494	543	545
508	501	497	493	548	542
511	504	498	493	548	544
504	500	496	491	542	544
512	500	496	490	542	544
506	502	496	492	543	543
511	503	497	492	547	541
506	502	497	492	547	541
511	504	498	493	542	544
506	501	496	492	547	541
512	504	498	493	547	542
511	504	498	493	543	544
512	502	497	493	548	541
506	503	498	493	544	544
511	504	498	493	548	541
512	504	498	494	548	542
511	505	499	494	543	545
512	505	499	495	549	542
511	505	500	495	549	545
511	505	500	494	544	545
511	502	498	494	549	542
507	503	498	494	544	545
511	504	498	494	548	542
512	504	498	494	548	542
512	505	499	494	543	545
512	505	499	495	549	542
511	503	498	494	549	545
513	505	499	495	549	545
505	500	496	493	548	542
506	502	496	492	543	544
506	503	497	492	547	541
511	503	498	492	543	544
511	504	498	493	543	544
512	504	498	494	548	541
510	505	499	494	548	544
510	505	499	493	543	545
512	503	498	494	548	542
505	503	498	494	544	545
510	504	498	494	548	542
511	504	498	494	548	542
512	504	499	494	543	545
512	505	500	494	544	545
511	504	499	495	549	545
511	505	499	494	544	545
510	503	499	493	544	545
506	503	498	494	544	545
511	504	498	494	548	542
511	504	498	494	548	542
512	503	498	494	543	545
512	505	499	494	548	542
512	505	499	495	549	543
512	507	501	495	544	545
510	504	499	495	549	543
509	502	497	494	544	545
511	504	498	494	548	542
507	500	496	492	547	542
512	503	497	493	542	544
505	499	495	491	547	541
512	503	497	492	547	543
512	504	498	492	542	544
510	503	498	493	547	541
505	502	497	493	543	544
510	503	497	493	548	541
511	504	498	494	548	541
511	505	499	494	543	545
512	505	499	495	549	542
513	505	500	495	549	545
512	505	499	494	544	545
511	503	498	495	549	542
508	504	499	493	544	543
509	505	498	494	549	542
510	505	500	494	544	545
511	504	499	495	544	545
512	505	499	495	549	542
513	505	499	495	549	545
512	505	499	494	544	546
511	504	499	495	549	543
508	504	499	495	545	545
510	509	501	496	549	543
511	508	502	497	550	543
508	503	499	495	545	546
513	504	499	494	544	546
508	504	498	494	549	547
511	503	498	493	543	546
504	499	496	491	542	545
508	502	496	492	543	544
505	500	495	491	547	541
511	503	497	492	547	541
505	505	498	493	542	544
512	505	499	494	548	541
512	504	499	494	548	544
511	504	499	493	543	545
513	504	498	494	548	542
508	504	498	494	544	545
511	505	499	494	549	542
511	505	499	495	549	542
510	506	500	495	544	545
511	505	500	495	549	543
511	505	500	495	549	545
512	504	499	494	544	546
513	505	499	495	549	543
508	504	499	495	545	545
511	505	499	495	549	543
512	506	500	495	549	543
511	505	500	496	544	546
510	508	501	496	550	543
512	506	501	497	550	546
508	502	498	493	544	546
512	503	498	494	549	544
506	500	495	492	543	547
511	503	497	492	546	542
511	504	498	493	547	541
510	505	499	494	543	544
505	501	497	493	548	541
510	503	497	493	548	544
506	503	498	492	543	544
512	504	498	494	548	541
510	503	498	494	544	544
511	504	498	494	548	542
512	505	499	495	549	542
511	505	500	495	544	545
512	506	500	496	549	543
512	505	500	496	549	546
511	505	500	494	544	546
510	505	500	494	544	546
511	503	498	495	545	546
512	504	498	494	549	543
513	505	499	494	549	543
511	505	499	495	544	545
512	505	499	495	549	543
511	505	500	495	549	545
511	505	500	494	544	546
511	503	499	495	549	543
510	503	498	494	545	545
511	501	496	493	548	542
512	504	498	493	548	542
506	500	496	492	542	544
511	504	498	492	542	544
504	501	496	492	547	544
512	504	497	493	547	544
511	504	498	493	548	541
510	503	498	493	543	544
508	503	497	493	548	541
511	503	498	493	548	544
512	505	499	494	543	544
512	505	499	495	548	542
511	506	500	495	549	545
511	505	500	494	544	545
510	504	499	495	549	543
510	503	498	494	545	545
511	504	498	494	549	542
512	504	498	494	548	542
512	504	499	494	543	545
512	505	499	495	549	542
513	505	500	495	549	545
510	506	500	494	544	545
511	506	500	496	549	543
511	504	499	495	545	545
511	504	499	495	549	543
512	503	498	494	549	542
512	504	498	494	543	545
508	501	497	493	548	542
512	504	498	493	548	544
505	500	496	491	542	544
511	504	498	492	542	544
504	501	496	492	543	544
511	503	497	492	547	541
506	501	496	492	547	541
512	503	497	493	542	544
511	504	498	494	548	541
511	505	499	494	548	544
512	505	499	494	543	545
511	505	499	495	549	542
511	503	498	494	545	545
509	504	499	493	544	545
512	504	498	494	549	542
511	504	499	494	543	545
512	505	500	494	544	545
511	505	499	495	549	545
512	505	499	494	544	545
511	505	499	495	549	543
510	503	498	494	545	545
508	504	498	494	549	542
510	505	499	494	549	545
513	505	499	495	544	545
511	504	499	495	549	542
511	502	498	494	548	545
511	504	498	493	543	545
507	501	496	493	548	542
512	502	497	493	543	544
506	499	495	491	547	541
512	504	497	492	547	541
504	501	496	492	542	543
512	503	497	492	547	541
506	500	496	492	547	543
511	503	497	491	542	543
511	504	498	493	547	541
512	502	497	493	543	544
511	505	498	494	548	541
511	505	499	494	548	542
512	505	499	495	543	545
511	504	499	495	549	542
512	505	500	494	544	543
511	504	499	494	544	545
511	505	499	494	544	545
511	502	497	494	544	545
509	504	498	494	548	542
510	504	498	494	548	542
511	505	499	494	543	545
512	504	499	494	548	542
512	505	499	495	549	545
511	504	499	493	544	545
512	505	499	495	549	542
516	502	498	494	544	545
509	504	499	493	543	545
507	501	496	493	548	542
511	504	498	493	543	544
504	500	496	491	542	544
512	502	496	492	547	544
505	499	495	490	541	543
512	503	496	492	546	540
512	501	496	492	542	543
509	503	496	492	547	540
510	504	498	493	547	541
510	505	499	494	543	544
510	505	499	494	548	541
510	504	499	495	548	544
511	505	499	494	544	545
512	505	499	495	549	542
511	501	497	494	544	545
509	503	497	493	548	542
511	504	498	493	548	542
510	505	499	494	543	545
511	505	499	495	548	542
510	504	499	495	549	545
512	505	499	494	544	545
511	504	499	495	549	542
511	501	497	494	544	545
509	503	497	493	548	542
513	505	499	493	543	545
517	502	497	493	543	544
512	505	498	494	548	542
506	502	497	493	548	544
511	504	498	492	543	544
506	499	495	492	547	541
511	499	495	491	542	543
506	499	494	490	546	540
511	502	496	491	546	540
505	501	496	491	541	543
512	503	497	492	546	540
510	505	499	494	547	543
510	504	499	493	543	544
512	505	499	495	548	542
511	501	497	494	544	544
510	504	498	494	548	542
512	504	498	494	548	542
513	505	499	494	543	545
511	505	500	494	544	545
511	505	500	495	549	545
511	505	500	494	544	545
512	505	500	495	549	543
511	502	498	494	545	545
508	503	498	494	549	542
512	504	498	494	548	542
512	504	499	494	543	545
512	505	499	495	549	542
513	505	500	495	549	545
515	503	498	493	549	543
512	504	498	493	548	542
506	501	496	492	543	544
508	503	498	492	543	544
511	503	497	493	548	541
511	504	498	494	543	544
511	503	498	494	548	541
511	503	498	494	548	544
509	503	498	492	543	544
509	504	498	494	548	544
511	502	497	493	544	544
506	503	497	493	548	541
511	503	498	493	548	541
510	503	498	493	543	544
513	504	498	494	548	541
511	504	498	494	548	544
512	505	499	493	543	545
511	506	500	495	549	542
511	502	498	494	544	545
507	504	498	494	549	542
512	504	498	494	548	542
511	504	498	494	543	545
512	504	498	494	548	542
512	505	499	494	548	545
512	505	499	495	549	545
512	505	499	495	549	542
511	502	498	494	544	545
506	502	497	493	548	542
510	503	497	493	548	542
508	499	495	491	542	544
511	502	497	491	542	543
506	499	494	491	546	543
512	503	496	490	541	543
506	500	495	491	546	540
512	500	495	491	542	542
506	503	496	492	546	540
511	504	498	493	547	540
506	503	498	493	547	541
512	504	498	494	548	541
512	505	499	494	548	544
512	505	499	493	543	545
512	505	499	495	549	542
512	502	498	494	544	545
506	503	499	493	543	545
510	504	498	494	548	542
511	504	498	494	543	545
512	504	498	494	548	542
513	504	499	494	548	545
512	504	499	493	543	545
513	505	499	495	549	545
512	502	498	494	544	545
507	503	497	493	548	542
510	506	499	494	548	542
512	505	500	495	544	545
511	502	497	494	548	542
514	504	498	494	548	545
507	500	496	491	542	544
513	503	497	493	547	541
505	500	495	492	543	543
507	503	497	492	547	541
506	501	496	492	547	541
511	503	497	493	542	544
507	503	497	493	547	541
512	505	499	494	548	544
513	505	499	493	543	544
513	505	499	495	548	542
512	502	498	494	544	545
507	503	497	493	548	542
510	503	498	492	543	544
510	504	498	494	543	544
511	504	499	493	543	544
512	505	499	494	548	544
513	505	499	494	544	545
512	504	499	495	549	542
513	502	498	494	544	545
508	503	498	494	548	542
511	504	498	494	548	542
512	505	499	494	543	545
512	505	499	495	549	542
512	509	502	497	550	545
511	506	501	495	545	546
509	502	498	495	549	543
511	502	497	494	544	547
508	499	495	490	541	545
511	502	496	492	547	541
505	499	495	491	541	543
511	504	497	492	547	540
511	504	498	493	547	543
510	503	498	492	542	544
506	503	498	493	547	541
512	502	497	493	543	544
509	504	498	493	548	541
512	504	498	494	548	541
512	505	499	494	543	544
512	505	499	495	549	542
512	506	500	495	549	545
511	505	500	494	544	545
512	504	499	495	549	543
512	503	498	494	545	545
510	503	498	494	549	542
511	504	498	494	548	542
513	505	499	495	544	545
512	505	499	495	549	542
511	505	499	495	549	545
510	505	500	494	544	545
510	504	499	494	544	545
510	505	499	495	545	545
508	504	498	494	549	543
507	501	496	493	548	542
511	502	497	493	543	544
506	503	497	493	547	541
511	504	498	493	548	544
510	504	498	493	543	544
511	504	498	494	548	542
511	503	498	494	544	544
508	503	498	494	548	542
511	503	498	494	548	542
511	503	498	494	543	545
512	504	498	494	548	542
511	504	499	494	548	544
511	504	499	493	543	545
509	504	499	494	548	542
511	504	499	494	544	545
507	504	499	494	544	545
511	504	498	494	548	542
511	504	498	494	543	545
512	504	498	494	548	542
512	504	498	494	548	545
511	504	498	493	543	545
511	505	499	495	548	542
511	504	499	495	545	545
508	503	498	494	548	542
510	502	497	493	548	542
511	501	497	492	548	542
511	503	497	493	547	541
509	502	496	492	547	544
513	504	498	492	542	544
509	504	498	493	547	541
511	504	498	494	544	544
507	503	498	494	548	541
510	503	498	494	548	541
511	503	498	494	543	544
511	503	498	494	548	544
513	504	498	494	548	544
512	504	498	494	548	544
512	504	498	494	548	542
510	504	498	494	544	544
508	503	498	494	548	542
508	502	497	493	548	542
510	503	497	493	543	544
513	503	498	493	548	541
513	504	498	494	548	544
512	504	499	493	543	545
512	505	499	495	548	542
511	505	500	495	545	545
511	505	499	495	549	542
510	505	499	495	549	542
512	505	499	495	544	545
512	504	499	495	549	542
513	504	499	495	549	545
514	504	499	493	544	545
513	504	499	494	549	542
506	502	497	494	544	545
509	503	498	492	543	545
505	503	497	493	548	542
510	503	497	493	543	544
510	503	497	493	548	541
512	503	498	493	548	544
512	503	498	492	543	544
512	503	498	494	548	541
511	504	498	494	544	544
510	503	498	494	548	541
509	503	498	494	548	542
510	504	498	494	543	545
511	504	498	494	548	542
511	504	499	494	548	544
512	503	498	493	543	545
511	503	498	494	548	542
511	504	498	494	544	544
511	503	497	493	548	542
510	503	498	493	548	542
510	504	498	494	543	544
511	504	498	494	548	544
512	505	499	494	548	544
513	505	499	494	543	545
511	504	499	495	549	542
511	503	498	494	544	545
511	504	498	494	548	542
510	504	498	494	548	542
507	501	497	493	543	544
511	503	497	493	548	541
508	503	497	493	548	544
510	503	498	492	543	544
511	503	498	493	548	541
511	503	498	493	543	544
511	503	497	493	548	541
510	504	498	493	548	541
511	505	499	494	543	544
512	504	499	494	548	542
510	504	499	494	548	544
510	503	498	493	543	545
511	504	498	494	548	542
512	504	498	494	544	545
511	502	498	492	543	545
511	504	498	494	548	542
511	504	498	494	543	545
513	505	499	494	548	542
510	504	499	495	548	545
511	504	499	493	543	545
512	504	499	494	548	542
511	503	498	494	544	545
511	501	496	493	548	542
511	503	497	493	547	541
510	504	498	493	542	544
513	502	497	493	547	541
512	504	498	493	547	544
506	500	496	491	542	544
512	502	496	492	547	541
507	502	497	492	543	543
513	502	496	492	547	540
509	502	497	492	547	540
511	503	497	493	542	543
506	501	496	492	547	541
512	504	498	493	547	543
510	504	498	493	543	544
511	504	498	494	548	541
512	504	498	494	544	544
512	501	497	493	548	541
510	503	497	493	548	541
512	504	498	494	543	544
514	505	499	494	548	542
513	506	500	495	549	545
512	505	500	494	544	545
510	505	499	495	549	543
511	504	499	495	545	545
512	501	496	493	548	542
509	501	496	492	547	542
511	503	497	493	542	544
513	504	498	492	542	544
513	505	499	494	548	544
510	504	499	493	543	544
517	502	497	494	548	542
511	504	498	494	544	544
507	501	496	493	548	541
511	502	496	492	547	541
505	499	495	491	541	543
513	502	496	492	546	540
506	500	495	491	546	543
511	503	497	491	541	543
505	503	498	493	547	540
511	504	498	494	543	543
512	502	497	493	547	541
508	503	497	493	547	541
511	504	498	493	542	544
512	504	498	494	548	541
512	504	498	494	548	544
513	504	498	493	543	544
511	505	499	494	548	542
511	506	500	495	545	545
511	502	498	494	548	542
507	502	497	493	548	542
510	503	497	493	543	544
512	504	498	494	548	541
511	504	498	494	548	544
513	504	499	493	543	545
511	504	498	494	548	542
511	505	500	494	544	542
510	502	497	493	548	542
511	500	496	492	547	541
512	503	497	493	542	544
507	500	495	491	547	541
512	502	496	492	547	543
505	499	495	490	541	543
512	503	496	492	546	540
505	500	495	491	542	543
512	501	496	491	546	543
506	500	495	491	546	540
512	503	497	492	541	543
513	504	498	493	547	540
511	504	498	494	547	543
512	505	499	493	543	544
512	505	499	495	548	542
511	505	499	495	545	545
513	503	498	494	548	542
508	504	498	494	548	542
511	504	499	494	543	545
513	506	500	495	549	542
512	505	500	495	549	545
513	505	500	494	544	545
512	505	499	495	549	543
512	505	499	495	545	545
512	503	498	494	549	542
508	504	498	494	548	542
511	505	499	494	543	545
511	505	499	495	549	542
510	502	497	494	548	545
511	503	498	492	543	545
508	499	495	492	547	541
512	503	496	492	543	544
505	500	495	491	546	540
507	503	497	492	547	540
511	504	498	493	542	543
510	504	498	494	548	541
508	502	497	493	542	542
512	504	498	492	543	544
512	504	498	494	548	541
512	504	498	494	544	544
513	502	497	493	548	541
507	503	497	493	548	541
511	505	499	494	543	544
512	504	499	494	548	542
514	505	499	495	548	545
511	504	499	494	544	545
512	504	499	495	549	542
512	504	499	495	545	545
513	502	497	494	548	545
507	504	498	494	548	542
512	506	499	495	543	545
513	506	500	495	549	542
512	506	500	496	549	545
512	508	501	495	545	546
512	506	501	497	550	543
513	503	499	495	545	546
513	502	497	494	549	543
508	499	495	492	547	543
511	502	496	492	541	544
505	500	495	491	546	540
511	503	497	492	546	543
505	500	495	490	541	543
512	503	497	492	546	540
511	503	497	493	543	543
512	502	497	493	547	540
507	503	497	493	547	541
512	504	498	493	542	544
513	505	499	493	543	544
512	505	499	495	548	544
512	505	500	494	544	545
511	506	500	496	549	542
511	504	499	495	545	545
513	502	497	494	549	542
509	503	498	494	548	542
512	504	498	494	543	545
512	504	498	494	548	542
512	505	499	495	548	545
511	505	500	494	544	545
512	505	500	495	549	542
511	505	499	495	545	545
512	508	501	496	550	543
508	505	500	496	550	543
508	502	498	494	544	545
513	504	498	494	549	544
507	500	496	492	547	546
511	504	498	492	542	544
505	500	496	492	547	541
512	503	497	493	543	544
507	500	495	492	547	541
507	502	496	492	547	540
507	502	497	492	542	543
512	504	498	493	547	541
512	505	499	494	548	544
511	505	499	494	543	544
511	505	500	495	549	542
511	505	500	494	544	542
512	504	498	495	549	542
508	503	498	494	548	542
511	504	498	494	543	545
512	503	498	494	548	542
512	504	498	494	548	544
511	504	498	493	543	542
512	505	499	495	548	542
510	505	499	495	544	545
512	504	498	494	549	542
507	504	499	494	548	542
512	504	499	494	543	545
512	505	499	495	549	542
512	505	499	495	549	545
508	502	497	493	543	545
512	504	498	494	548	542
506	500	496	492	543	544
512	502	496	492	547	541
505	500	495	491	546	540
511	502	496	492	541	543
507	500	495	491	546	540
512	503	497	492	546	543
510	504	498	492	542	543
512	505	499	494	548	541
511	505	499	495	544	544
511	505	499	495	549	542
507	505	499	495	549	542
511	504	499	495	544	545
512	504	499	495	549	542
512	504	499	495	549	545
512	504	499	493	544	545
511	504	499	494	549	542
511	504	499	494	544	545
511	504	499	494	549	542
508	504	499	494	549	542
510	504	499	495	544	545
512	504	499	495	549	542
512	504	500	494	544	543
512	505	499	494	544	545
513	504	498	494	549	542
511	504	499	493	544	542
510	500	496	493	548	542
509	502	496	492	547	541
505	499	494	491	541	543
513	503	496	492	546	540
505	500	495	491	546	543
512	503	497	491	541	543
507	499	495	491	546	540
513	503	497	492	542	543
512	504	498	493	547	540
507	503	498	493	547	541
511	504	498	494	543	544
510	504	499	494	548	541
512	504	499	494	548	544
512	504	499	493	543	545
513	504	499	494	548	542
511	504	499	494	544	545
512	505	499	495	549	542
509	504	499	495	549	542
511	505	499	495	544	545
511	505	499	495	549	542
511	505	499	495	549	545
511	504	499	494	544	545
513	505	499	495	549	542
512	504	499	495	545	545
511	504	499	495	549	542
509	506	500	495	549	542
511	505	500	495	544	545
506	502	498	494	549	542
512	504	499	494	549	545
506	500	496	491	543	545
512	503	497	493	547	541
505	499	495	491	543	543
513	503	496	492	547	541
507	501	496	492	541	543
510	503	497	492	542	543
510	504	498	493	547	541
511	505	499	494	548	544
512	505	499	494	543	544
511	504	499	495	548	542
511	504	499	494	544	542
512	504	498	494	548	542
512	504	498	494	548	542
511	504	498	494	543	545
512	505	499	494	548	542
511	505	499	495	549	545
510	504	499	494	544	545
510	503	498	494	548	542
511	504	499	494	544	545
512	505	499	494	548	542
511	504	498	494	548	542
512	504	499	494	543	545
512	505	499	495	549	542
513	503	498	494	548	545
511	504	498	493	543	545
507	501	496	493	548	542
512	503	497	493	543	544
505	500	495	492	547	541
513	501	496	492	547	541
506	499	495	491	541	543
513	503	497	492	546	540
511	504	498	493	547	543
510	504	499	493	548	541
509	504	498	493	548	541
511	505	499	494	544	544
512	504	499	494	548	542
510	502	498	494	548	542
511	503	498	494	543	545
513	503	498	494	548	542
510	503	498	494	548	544
510	503	498	492	543	544
511	504	498	494	548	542
512	505	499	495	544	545
512	505	499	495	549	542
512	503	498	494	548	542
510	503	498	494	543	545
512	504	498	494	548	542
512	504	498	494	548	544
512	504	498	494	548	545
510	505	499	495	548	542
515	501	497	492	543	542
511	503	497	493	548	541
506	500	495	491	547	541
510	502	496	492	542	544
506	499	494	491	546	540
512	503	496	492	546	543
511	504	498	492	542	543
511	504	498	494	547	541
511	504	499	494	544	544
510	505	499	495	548	542
511	502	498	494	548	542
509	502	497	493	543	544
511	503	497	493	548	541
510	503	498	492	543	542
512	504	498	493	543	544
512	504	498	494	548	542
511	504	499	494	544	544
511	504	499	494	548	542
512	503	498	494	548	542
510	503	498	494	543	542
511	504	498	494	548	542
512	504	498	494	548	544
513	505	499	493	543	545
512	504	499	495	548	542
511	504	499	495	545	545
511	505	499	495	549	542
511	503	498	494	548	542
516	500	496	493	543	544
511	503	497	493	547	541
508	499	495	491	546	543
513	503	496	492	547	543
507	500	495	491	546	540
511	503	497	492	542	543
505	502	496	492	546	540
511	501	496	492	546	540
506	501	496	492	541	543
512	503	497	492	546	540
511	504	498	493	547	543
513	504	498	494	547	543
514	505	499	494	548	541
511	505	500	494	543	542
513	506	499	495	549	542
511	502	497	494	548	542
509	503	498	494	543	545
510	504	498	494	548	542
513	504	499	494	548	544
511	504	499	493	543	545
513	504	499	494	548	542
512	505	499	495	544	545
513	506	499	495	549	542
512	503	499	493	543	545
509	504	498	494	543	545
511	505	499	494	548	542
511	505	500	494	544	543
513	501	497	492	543	545
511	503	497	493	548	542
508	499	495	492	543	544
512	503	496	492	547	541
505	500	495	491	546	540
510	503	497	492	541	540
505	501	496	492	546	540
511	503	497	492	547	543
512	504	498	493	547	543
512	503	498	493	547	541
511	504	499	494	544	544
511	505	499	494	548	541
513	502	497	494	548	541
510	503	498	494	543	544
511	505	499	494	548	542
513	506	500	495	549	545
510	505	500	494	544	545
511	504	499	495	549	542
510	503	498	494	544	545
511	503	498	494	548	542
512	501	497	493	548	542
508	503	497	493	543	544
511	504	498	494	548	542
511	505	499	494	548	544
513	505	499	495	549	545
511	506	500	495	549	542
511	505	500	494	544	543
514	502	497	494	548	542
513	500	496	492	547	542
509	498	494	491	541	544
512	503	496	491	546	540
505	500	495	491	546	543
512	504	497	491	541	543
505	500	496	492	541	543
511	503	497	492	542	543
506	501	496	492	546	540
513	500	495	491	546	540
508	500	495	491	541	543
513	504	497	492	546	540
511	505	499	492	542	541
511	506	499	493	543	544
512	505	499	495	548	541
510	505	499	495	544	544
511	504	499	495	549	542
511	501	497	493	548	542
509	503	497	493	543	544
511	504	498	493	548	542
512	505	499	494	548	544
511	505	499	494	548	544
509	505	499	495	548	542
512	505	500	495	545	545
510	505	499	495	549	542
512	500	496	493	548	542
507	502	497	493	543	544
511	501	496	492	547	541
511	503	497	493	547	544
508	503	497	492	542	544
511	504	498	493	547	541
510	504	498	494	544	544
512	504	498	494	548	541
505	500	496	492	547	541
508	502	497	492	547	541
507	502	496	493	547	541
513	504	498	493	547	544
511	505	499	493	543	544
513	506	500	495	548	542
511	505	500	495	545	545
512	505	500	495	549	542
510	501	497	494	548	542
506	501	497	493	543	545
512	503	497	493	548	542
510	503	498	493	548	544
511	503	498	492	543	544
512	504	498	494	548	542
510	504	498	494	544	544
511	505	499	494	548	542
512	502	497	494	548	542
507	503	498	493	543	544
512	504	498	494	548	541
512	507	501	494	543	542
513	506	500	495	544	545
508	503	498	495	549	542
512	505	499	495	545	545
507	500	496	493	548	542
511	500	496	492	547	541
504	498	494	490	541	543
511	502	496	491	546	540
507	499	495	491	546	542
512	503	497	491	541	543
513	504	498	493	547	540
511	504	498	494	543	543
513	505	499	494	548	541
509	502	498	493	543	544
507	503	497	493	543	544
510	503	497	493	547	541
512	504	498	494	548	544
511	504	499	493	543	544
513	504	499	494	548	542
512	505	499	495	544	542
511	504	499	495	549	542
510	502	497	494	548	542
506	503	497	493	543	545
511	503	498	493	548	541
511	504	498	494	548	544
511	504	499	493	543	544
511	504	499	494	548	542
511	505	499	495	544	545
512	505	499	495	549	542
508	501	497	494	548	542
507	503	498	494	543	545
505	500	496	492	547	541
513	503	497	493	547	544
505	500	495	490	542	543
513	503	497	492	547	540
510	503	497	493	543	543
511	504	498	493	547	541
512	502	497	493	547	541
507	504	498	493	542	544
511	504	498	494	548	541
509	504	499	493	543	542
510	503	498	493	543	544
511	503	497	493	548	541
510	503	498	493	544	544
512	504	498	494	548	541
510	502	497	493	547	541
507	503	497	493	542	544
510	504	498	494	548	541
511	505	499	494	548	544
511	504	499	493	543	544
510	504	499	493	543	544
511	504	498	494	544	544
511	504	498	494	548	542
511	502	498	492	543	544
507	503	497	493	543	544
510	504	498	494	548	541
506	502	497	493	547	544
512	504	498	492	543	544
507	500	496	492	547	541
511	503	497	493	543	541
507	500	495	492	547	541
514	502	496	492	547	540
507	501	496	492	541	543
511	503	497	492	547	540
509	504	498	493	547	543
512	505	499	494	548	544
512	505	499	495	548	541
511	504	499	495	544	544
512	504	499	495	549	542
512	503	498	494	548	542
508	503	498	494	543	545
511	504	498	494	548	542
511	504	498	494	548	544
511	504	499	493	543	545
510	504	498	494	548	542
511	504	498	494	544	544
511	504	498	494	548	542
512	503	498	494	548	542
508	503	498	492	548	542
511	504	498	494	548	542
510	504	499	493	543	542
511	502	497	492	543	544
511	503	497	493	548	541
507	502	497	493	543	544
512	504	498	493	547	541
506	502	497	493	547	541
508	502	497	493	542	544
510	503	497	493	547	541
511	504	498	494	548	544
511	505	499	494	548	544
512	505	499	495	548	542
510	505	499	495	544	545
511	505	499	495	549	542
510	503	499	493	543	545
507	503	497	494	543	545
510	503	497	493	548	542
511	504	498	493	548	544
509	504	498	492	543	544
511	504	498	494	548	542
510	504	499	494	544	544
511	504	498	494	548	542
511	504	499	494	548	542
509	504	498	494	543	544
510	504	498	494	548	542
512	504	499	494	548	544
511	504	499	493	543	545
512	504	499	494	548	542
511	504	499	494	544	545
512	502	497	493	548	542
511	503	497	493	548	542
507	500	496	492	542	544
510	502	496	492	547	541
511	503	497	493	547	543
511	503	497	492	542	544
504	499	495	491	546	540
510	503	497	491	542	540
506	503	497	493	547	540
511	504	498	493	547	541
510	503	498	493	542	544
511	503	498	493	547	541
512	503	498	494	548	544
512	504	498	493	543	544
512	504	498	494	548	542
511	504	499	494	544	544
511	505	499	495	549	542
510	505	499	495	549	542
508	503	498	494	543	545
511	503	498	494	548	542
512	504	498	494	548	544
512	504	498	493	543	544
512	504	498	494	548	542
511	504	499	494	544	544
512	506	499	495	549	542
511	506	501	494	544	545
509	503	498	495	544	545
514	501	496	493	548	542
512	503	497	493	548	544
508	499	495	490	542	544
513	503	497	492	547	541
505	499	495	491	542	543
512	503	497	492	546	540
509	504	498	493	547	540
510	503	498	493	542	544
506	501	496	492	547	541
512	504	498	493	547	543
511	503	498	492	542	544
511	503	498	492	542	544
512	504	498	494	543	544
511	505	498	494	548	541
511	505	499	494	548	542
509	503	499	494	543	545
509	503	498	494	548	542
510	503	498	494	548	542
512	504	498	493	543	545
512	504	498	494	548	542
513	505	499	494	544	545
512	505	499	495	549	542
512	505	499	495	549	542
511	504	499	495	544	545
510	505	499	495	549	542
512	505	499	495	549	545
512	505	499	495	549	545
517	501	497	493	548	542
512	503	498	493	544	544
509	500	495	492	547	541
513	503	496	492	547	541
505	500	495	491	541	543
510	503	497	492	547	540
505	500	495	491	546	543
513	503	497	492	547	543
507	501	496	492	546	540
511	503	497	493	543	543
512	505	498	493	547	541
512	505	499	493	543	544
512	503	498	494	543	544
510	505	498	494	548	542
512	505	499	495	548	544
511	505	499	494	544	545
512	505	499	495	549	542
512	504	499	495	545	545
512	505	499	495	549	542
513	504	499	495	549	542
511	502	497	494	543	545
509	503	498	492	543	544
511	504	498	494	548	544
512	505	499	495	548	545
511	505	499	494	544	545
512	504	498	494	544	545
512	505	499	494	548	542
514	501	497	493	548	542
511	501	496	493	542	544
508	499	495	491	546	541
512	503	497	492	547	541
505	500	495	490	541	543
511	503	497	492	546	540
505	500	495	491	542	543
513	503	497	492	546	540
508	503	497	493	547	540
512	502	497	493	542	543
510	504	498	493	547	541
513	505	499	494	548	544
512	505	499	494	543	544
510	505	499	495	549	542
512	506	500	496	545	545
512	505	500	495	549	542
513	504	499	495	549	542
511	501	497	493	543	545
510	503	497	493	548	542
511	504	498	494	548	544
512	505	499	494	548	545
511	505	499	495	548	542
512	505	500	494	544	542
512	505	499	495	549	542
511	505	500	494	544	545
512	502	497	494	543	545
510	504	498	494	548	542
512	501	496	493	547	544
512	504	498	492	543	544
507	503	498	493	548	541
511	504	498	494	544	544
504	500	496	492	542	544
512	503	497	492	547	541
506	500	495	491	541	543
510	502	497	491	542	543
508	502	497	492	547	543
513	504	497	493	547	543
511	505	499	493	543	544
512	505	499	495	544	544
512	505	499	495	548	542
511	504	499	495	548	542
512	502	497	494	543	545
508	502	497	493	548	542
512	504	498	494	548	544
512	505	499	493	543	545
512	504	499	494	548	542
511	505	499	495	544	545
512	505	499	495	549	542
510	505	499	495	549	542
512	502	498	494	543	545
509	503	498	494	548	542
512	504	498	494	548	544
512	507	500	495	549	545
512	506	500	496	549	542
511	503	498	495	545	545
513	505	499	495	549	542
507	500	496	493	548	542
511	500	495	492	542	544
504	498	494	490	546	540
512	503	496	490	541	541
506	500	495	491	546	543
513	503	496	492	546	540
506	501	496	492	542	543
513	504	498	493	547	540
512	505	499	494	547	541
512	502	497	493	542	544
508	503	498	493	547	541
511	503	498	493	547	544
512	504	498	493	543	544
512	505	499	495	548	542
512	505	500	495	544	545
511	505	499	495	549	542
511	505	499	495	549	542
511	502	498	494	543	545
506	503	497	494	548	542
511	503	498	494	548	544
512	503	498	492	543	544
511	504	499	493	543	544
512	504	498	494	544	544
512	508	501	496	549	542
512	507	501	496	549	543
508	502	498	495	544	545
507	503	498	494	548	542
508	499	495	492	547	544
511	502	496	491	542	544
505	498	494	491	546	540
511	502	496	491	542	543
506	500	495	491	546	540
512	503	496	492	546	540
506	501	496	492	541	543
507	503	498	492	542	543
512	504	498	494	547	543
512	505	499	494	548	544
512	504	499	494	548	541
512	504	499	494	544	544
512	504	499	494	548	542
511	504	499	495	548	545
512	502	498	494	543	545
507	503	497	493	548	542
512	504	498	494	548	544
511	504	499	493	543	544
512	504	498	494	548	542
511	504	499	494	544	544
512	504	499	494	548	542
512	504	499	494	548	542
513	502	498	494	543	545
507	505	499	494	548	542
512	505	500	495	549	545
506	502	498	493	543	545
511	504	498	494	548	542
506	499	495	492	543	544
512	503	497	492	547	541
506	499	495	491	546	540
512	501	495	491	541	543
507	500	495	491	546	540
511	503	497	492	546	543
506	504	498	492	542	543
511	504	499	493	542	543
511	504	499	494	544	544
512	505	499	494	548	541
512	504	499	494	548	542
512	502	497	494	543	544
507	503	497	493	548	542
510	504	498	494	548	544
511	504	499	493	543	544
511	504	499	494	548	542
512	505	499	495	544	545
512	505	500	494	544	545
513	505	499	495	549	542
512	502	498	494	543	545
507	503	498	493	543	545
512	504	498	494	548	544
512	505	499	493	543	545
511	505	499	495	548	542
511	505	500	495	545	545
507	501	497	493	548	542
513	504	498	494	548	545
508	501	497	493	542	544
507	502	496	492	547	541
511	503	497	493	547	544
512	505	498	493	547	544
510	504	498	494	548	541
509	504	498	494	544	544
511	504	498	494	548	541
511	504	498	494	548	542
512	502	497	493	543	544
508	503	497	493	548	541
512	504	498	494	548	544
512	505	499	493	543	545
511	504	499	495	548	542
509	504	499	495	544	545
511	505	499	495	549	542
511	504	499	495	549	542
512	502	498	494	543	545
508	503	498	494	548	542
512	505	499	493	543	542
512	505	499	495	548	545
511	504	499	494	544	545
511	505	499	495	545	545
511	505	499	495	549	542
511	503	498	494	548	542
511	502	497	493	543	545
508	499	495	492	547	541
512	503	497	492	547	543
507	501	496	491	542	543
512	503	497	493	547	541
505	500	495	491	542	543
512	504	498	491	542	543
505	505	498	494	547	541
512	503	498	494	543	544
507	503	499	493	543	544
512	504	498	494	548	544
512	504	498	493	543	544
511	504	498	494	548	542
511	504	499	494	544	544
511	505	499	495	548	542
512	506	500	495	549	542
512	503	499	495	544	545
508	503	498	494	548	542
512	505	499	495	549	545
511	504	499	493	543	545
511	504	499	494	548	542
512	505	499	495	545	545
512	506	500	495	549	542
513	505	500	495	549	543
511	504	499	495	544	545
509	504	499	495	549	542
514	502	497	494	548	545
511	503	498	492	543	545
508	500	496	492	547	541
512	503	497	493	543	544
506	500	495	491	546	540
512	503	497	491	542	543
505	501	496	492	541	543
509	503	497	492	547	540
510	504	498	493	547	543
510	504	498	492	542	544
509	503	498	494	547	541
511	504	498	494	544	544
513	505	499	494	548	541
511	505	499	495	548	542
512	505	500	495	544	545
509	504	499	495	549	542
509	504	499	495	549	545
511	504	499	493	544	545
512	504	499	495	549	542
512	504	499	495	544	545
512	505	499	495	549	542
512	505	499	495	549	542
513	505	500	495	544	545
508	504	500	494	544	545
511	504	499	495	549	545
511	505	499	494	544	545
512	505	499	495	549	543
517	501	497	493	544	545
512	504	498	494	548	542
508	500	496	492	547	541
512	503	497	493	542	544
506	500	495	491	546	541
510	504	497	493	547	543
504	501	496	491	547	541
512	504	497	492	547	541
506	502	497	492	543	543
513	503	498	492	542	543
507	502	496	493	547	541
512	503	497	493	542	544
510	503	498	493	547	541
510	504	498	494	547	544
511	505	499	493	543	544
511	504	499	495	548	544
512	505	499	495	544	545
512	504	499	495	548	542
513	504	499	495	549	542
513	505	499	495	544	545
512	504	499	495	549	542
510	506	500	495	549	545
510	506	500	494	544	545
510	505	499	495	549	543
510	504	499	495	545	545
512	504	498	494	548	542
512	504	499	494	548	542
517	501	497	493	543	545
511	501	496	492	547	541
508	500	495	491	546	543
511	504	497	491	542	543
505	500	495	491	546	540
512	503	497	492	542	543
506	500	495	491	546	540
514	503	497	492	546	540
512	503	498	493	542	543
511	502	498	492	542	543
510	504	498	493	547	543
511	504	498	493	543	544
511	505	499	494	548	541
510	505	499	495	544	544
512	506	500	495	549	542
512	504	499	495	549	542
512	504	499	495	549	542
512	502	497	494	548	542
511	504	498	494	548	545
511	504	498	493	543	545
513	505	499	495	548	542
510	505	499	495	545	545
511	505	500	494	544	545
512	505	499	495	549	542
512	504	499	495	544	545
512	503	498	494	548	542
511	504	498	494	548	545
512	502	497	492	543	544
512	503	498	493	548	544
507	500	496	492	543	544
512	503	497	492	547	541
504	499	495	491	546	540
512	503	496	492	541	543
506	500	495	491	546	540
511	503	497	492	546	543
509	503	497	491	542	543
512	503	498	493	547	540
511	504	498	494	543	543
511	505	499	494	548	541
511	505	499	495	548	542
511	504	499	495	543	545
512	502	497	494	548	542
510	503	497	493	548	544
512	504	498	493	543	544
514	505	499	494	548	542
512	505	499	495	544	545
511	504	499	495	548	542
511	505	500	494	544	545
510	505	499	495	544	545
512	503	498	493	543	545
510	503	498	494	548	544
512	504	498	493	543	545
513	506	499	495	548	542
512	505	500	495	545	545
511	503	498	494	548	542
512	504	498	494	548	542
507	500	496	492	542	544
512	500	495	492	547	541
505	498	494	490	546	543
512	502	496	490	541	543
507	502	496	492	546	540
513	503	497	493	542	543
512	504	499	493	542	543
511	504	498	494	548	541
511	505	499	494	543	544
510	501	496	493	547	541
509	503	497	493	547	544
511	503	497	492	542	544
511	503	497	493	547	541
511	503	497	493	543	544
512	505	498	494	548	541
511	504	498	494	548	541
512	505	499	495	543	545
511	502	497	494	548	542
509	504	498	494	548	544
511	504	498	493	543	544
512	503	498	494	548	542
512	504	498	494	544	544
511	504	498	494	548	542
512	508	500	495	549	542
510	505	500	495	544	545
509	501	497	494	548	542
508	502	497	493	548	544
505	499	495	492	547	544
513	502	495	490	542	544
505	499	494	491	542	543
512	503	496	491	546	540
507	501	495	491	546	540
513	504	497	492	541	543
512	502	497	492	547	540
509	503	497	493	547	543
510	504	498	492	542	544
511	504	498	494	547	541
511	504	498	494	544	544
510	504	498	494	548	541
511	504	498	494	548	541
511	504	498	494	543	544
511	501	496	493	547	541
508	503	497	493	547	544
510	504	498	492	542	544
511	503	498	493	547	541
511	503	498	494	543	544
512	504	499	493	543	544
512	504	498	494	548	541
512	504	498	494	543	544
511	502	497	493	548	541
508	506	499	494	548	544
511	505	499	494	543	545
507	501	497	494	548	542
511	503	498	494	544	544
507	502	497	493	547	541
512	503	497	493	547	541
511	504	498	492	548	541
512	501	496	492	547	541
508	503	497	493	547	544
510	504	498	492	542	544
511	504	499	494	548	541
510	504	499	494	544	544
511	504	498	494	548	542
511	503	498	494	548	542
511	504	498	494	543	544
512	501	496	493	547	544
509	503	497	493	547	544
511	504	498	492	542	544
511	504	498	494	548	541
512	504	499	494	544	544
511	505	499	494	548	542
512	504	499	494	548	542
511	504	498	494	543	545
511	501	497	493	548	541
508	503	497	493	547	544
511	503	498	492	542	544
511	504	498	494	548	541
511	506	500	495	544	544
512	506	500	495	549	542
508	501	497	494	548	542
510	502	497	493	543	544
504	498	494	491	546	541
506	501	495	491	546	543
510	503	496	490	541	543
511	504	498	493	547	540
511	505	499	494	543	543
511	505	500	494	543	544
511	503	498	494	548	541
511	504	498	494	543	545
511	501	496	493	548	541
507	502	497	493	547	544
511	504	498	492	542	544
512	505	499	494	548	541
511	505	499	495	543	542
512	506	500	495	548	542
511	505	499	495	549	542
510	504	499	495	544	545
512	502	497	494	548	542
507	502	497	493	548	544
512	504	498	492	543	544
513	505	499	494	548	542
512	505	499	495	544	544
512	505	500	495	549	542
511	505	500	495	549	542
512	503	498	494	543	545
511	501	497	493	548	545
508	498	494	491	547	544
512	502	496	490	541	543
508	502	496	492	546	540
511	503	497	492	542	543
505	501	496	492	546	540
512	504	497	493	547	540
511	504	498	493	542	544
511	502	497	493	547	541
508	502	497	493	547	543
511	502	497	492	542	544
513	504	498	493	547	541
511	504	498	494	543	544
512	505	499	494	548	541
511	505	499	495	548	542
511	504	499	495	543	545
511	502	497	494	548	542
506	502	497	493	548	544
511	503	497	492	542	544
513	503	498	492	542	544
511	504	498	494	544	544
511	504	499	493	543	544
512	504	498	494	548	541
510	504	498	494	543	544
511	503	498	494	548	541
507	503	498	494	548	544
511	502	497	492	543	544
511	503	497	493	547	541
508	501	496	492	543	544
513	503	497	492	547	541
510	503	497	493	547	541
511	504	498	493	542	544
511	502	497	493	547	541
507	503	497	493	547	544
510	503	497	492	542	544
512	503	498	493	547	541
510	504	498	494	543	544
511	504	498	494	548	541
512	504	498	494	548	541
511	505	499	494	543	544
511	504	498	494	548	542
507	504	498	494	548	544
510	503	498	493	543	545
511	504	498	494	548	542
510	504	498	494	544	544
511	504	498	494	548	542
512	505	499	494	548	542
511	504	499	494	543	544
510	503	498	494	548	542
507	503	498	494	548	544
511	505	499	493	543	545
510	504	499	494	548	542
512	503	498	494	544	544
514	502	497	493	548	541
511	503	497	493	547	541
507	501	496	492	542	544
513	503	497	491	542	544
505	500	496	492	546	543
511	504	497	491	542	543
505	501	496	492	547	540
512	503	497	493	543	543
505	500	496	492	547	540
513	503	497	492	547	540
507	504	498	493	542	543
513	504	498	494	547	541
509	505	499	494	548	544
511	505	499	495	548	544
511	505	500	495	549	542
512	505	500	495	545	545
512	505	499	495	549	542
512	504	499	495	549	542
512	504	499	495	544	545
511	504	498	494	549	542
508	504	499	494	548	545
510	505	499	493	543	545
511	505	499	495	549	542
512	505	500	495	545	545
513	506	500	495	549	542
511	505	499	495	549	543
512	504	499	495	544	545
516	501	497	493	548	542
508	503	497	493	548	544
508	501	496	493	547	544
511	504	497	493	547	541
505	500	496	491	542	541
513	504	497	492	547	541
505	500	495	492	546	540
512	503	497	492	541	543
507	502	496	492	546	540
509	503	497	493	547	543
510	505	499	493	542	544
512	505	499	495	548	541
510	505	499	495	544	544
510	504	498	494	548	545
512	504	498	494	548	542
511	504	498	494	543	545
513	504	499	494	548	542
510	504	498	494	548	545
512	505	499	493	543	545
512	505	499	495	548	542
510	505	499	495	545	545
510	505	499	495	549	542
511	504	499	495	549	542
511	505	499	495	544	545
513	505	499	495	549	542
510	504	498	494	548	545
513	505	499	495	549	545
517	502	497	494	548	542
512	504	498	494	544	545
509	501	496	493	547	541
512	503	497	493	547	541
503	499	495	491	542	544
513	502	496	492	546	540
507	499	495	491	546	543
511	502	496	490	541	543
507	503	497	492	546	540
511	504	498	493	543	543
506	504	498	494	547	541
512	505	499	494	548	541
512	505	499	495	543	544
512	504	499	495	548	542
511	503	498	494	543	542
510	504	498	493	543	545
512	504	498	494	548	542
512	504	499	494	544	545
512	505	499	495	548	542
511	506	500	495	549	542
512	506	500	496	544	545
511	506	500	496	549	543
510	504	499	495	549	545
510	503	498	493	544	545
512	504	498	494	548	542
512	505	498	494	544	545
512	505	499	495	549	545
511	502	498	494	548	542
512	504	498	494	543	545
506	503	498	494	548	542
510	502	497	493	547	544
505	499	495	492	547	544
512	502	496	492	547	541
507	500	495	491	542	543
513	504	497	492	546	540
508	504	498	493	547	540
512	504	499	494	542	544
511	505	499	494	548	541
510	503	498	494	548	544
510	504	499	493	543	544
512	504	499	494	548	542
513	504	499	495	544	544
512	504	499	494	548	542
512	505	499	495	549	542
511	506	500	495	544	545
512	505	500	494	544	545
510	503	498	495	549	545
510	504	498	493	543	545
511	504	498	494	548	542
513	504	499	494	544	545
512	504	499	494	548	542
512	505	499	495	548	542
512	507	500	496	544	545
512	506	500	496	549	543
510	503	498	495	549	545
510	504	499	493	544	545
508	501	496	493	548	542
512	503	497	493	543	544
505	500	496	492	547	541
513	503	497	492	547	541
506	500	495	492	541	543
512	504	497	492	547	540
507	502	497	492	547	543
509	503	497	492	542	543
512	504	498	494	547	541
511	504	499	494	544	544
512	504	498	494	548	541
512	504	498	494	548	541
513	504	499	494	543	544
512	504	499	494	548	542
511	502	498	494	548	544
509	503	498	492	543	544
511	504	498	494	548	541
510	504	499	493	543	542
512	505	498	494	548	542
512	504	498	494	548	542
512	505	499	494	543	545
512	505	499	495	548	542
512	503	498	494	548	545
509	506	499	495	549	545
512	506	500	495	549	542
509	502	498	494	544	545
512	504	498	493	543	545
507	499	495	492	547	541
512	502	496	492	542	544
505	500	495	491	546	540
512	500	495	491	546	543
505	500	495	489	541	543
511	503	496	492	546	540
506	504	498	493	543	543
512	504	498	494	547	541
512	505	498	494	548	541
512	504	499	494	543	544
513	505	499	495	548	542
512	501	497	494	548	544
512	504	498	493	543	544
511	504	498	494	548	542
511	505	499	494	544	545
512	505	499	495	548	542
511	505	499	495	548	542
511	503	498	494	543	545
511	503	498	494	548	542
512	501	496	493	547	544
508	502	497	491	542	544
510	503	497	493	547	541
511	505	499	494	543	544
512	508	501	496	549	542
511	506	501	496	549	542
509	501	497	494	543	545
515	505	498	494	548	542
510	500	496	493	548	544
509	502	496	491	542	544
505	499	495	491	546	541
511	503	496	492	542	543
507	503	497	492	547	540
511	504	498	493	547	541
510	505	499	494	543	544
513	504	499	494	548	541
512	501	497	493	548	544
509	502	497	492	542	544
512	504	498	493	547	541
512	504	499	494	544	544
512	505	499	495	548	542
512	505	499	495	548	542
512	505	499	495	544	545
511	506	500	495	549	542
511	501	497	494	548	545
508	503	497	492	543	545
512	503	498	494	548	542
512	505	499	494	544	544
512	506	500	495	549	542
511	505	500	495	549	542
511	505	500	495	544	545
512	506	500	496	549	543
511	501	498	494	549	545
508	501	496	491	543	545
512	503	497	493	547	542
506	499	495	491	542	544
512	503	496	492	547	540
506	500	495	491	546	540
512	503	497	492	541	543
506	501	496	492	546	540
512	500	496	491	546	543
508	502	496	491	541	543
512	503	497	493	547	540
512	505	499	494	543	543
513	506	499	495	548	541
512	506	500	495	543	544
512	505	500	495	544	545
510	504	499	495	549	542
511	501	497	493	548	545
508	503	497	493	548	545
512	503	497	493	548	542
511	504	498	492	543	542
513	505	498	494	548	542
514	505	499	495	548	542
511	506	500	495	544	545
512	505	500	495	549	542
511	502	498	494	548	545
508	503	498	494	548	545
512	502	497	493	548	542
513	504	498	493	544	544
508	502	496	493	547	541
513	504	498	493	547	541
506	501	496	493	542	544
512	504	497	493	547	541
505	501	496	492	547	543
506	502	497	491	542	543
507	501	496	492	547	540
512	503	497	492	543	543
510	504	498	493	547	541
512	505	499	494	548	541
512	505	499	495	543	544
511	505	499	495	548	542
511	502	498	494	548	544
506	503	498	493	548	542
511	504	498	493	548	542
511	504	498	494	544	544
513	505	499	494	548	542
511	505	499	495	548	542
513	505	500	495	544	545
512	505	499	495	549	542
512	503	498	494	548	545
506	504	499	493	543	545
511	505	499	495	549	542
511	504	499	495	544	545
512	505	499	495	549	542
513	502	497	494	548	542
512	504	498	494	543	545
507	502	497	493	548	542
511	502	497	493	547	544
505	499	495	490	541	543
511	503	496	492	546	540
504	500	496	490	541	540
513	503	496	492	546	540
511	504	497	493	547	540
511	503	498	493	542	543
511	503	498	493	547	541
512	502	497	493	547	543
508	504	498	493	547	544
510	504	498	494	548	541
511	505	499	495	544	544
511	505	499	495	548	542
512	505	499	495	548	542
512	504	499	495	543	545
514	505	499	495	549	542
511	502	498	493	543	543
506	503	497	492	543	545
510	504	498	494	548	542
510	504	499	494	544	544
512	505	499	495	548	542
512	505	499	495	548	542
512	505	499	495	543	542
513	505	499	495	549	542
515	502	497	494	548	545
508	504	498	493	543	545
508	502	497	493	547	541
511	505	499	494	544	544
505	501	496	493	547	541
513	504	498	493	547	541
511	504	498	494	543	544
512	504	498	494	548	541
511	502	497	493	547	544
506	502	497	492	542	544
509	504	498	493	547	541
510	504	499	494	544	544
512	506	499	495	548	542
512	505	499	495	548	542
513	504	499	495	543	545
512	504	499	495	549	542
513	502	498	494	548	545
508	502	497	494	548	545
511	504	498	494	548	542
510	504	499	493	543	542
511	504	498	494	548	542
510	504	498	494	548	542
512	504	498	494	543	545
513	504	498	494	548	542
513	503	498	494	548	544
509	503	498	492	543	544
512	504	498	494	548	542
517	502	497	493	543	544
511	504	498	494	548	541
507	501	497	492	542	544
512	503	497	493	542	544
505	499	495	491	546	541
511	501	496	490	541	541
506	499	494	489	541	543
512	502	496	491	546	540
506	500	495	491	541	542
511	504	497	492	546	540
511	505	498	493	547	540
511	505	499	494	543	544
512	504	499	494	548	541
511	503	498	494	548	544
508	503	498	493	543	544
512	503	498	494	548	541
512	504	499	494	544	544
512	505	499	495	548	542
511	506	500	495	549	542
511	505	500	495	544	545
512	505	500	495	549	542
511	503	499	495	549	545
509	504	499	493	544	545
512	504	498	494	548	542
512	504	499	494	544	545
512	504	498	494	548	542
511	504	498	494	548	542
516	501	496	493	542	544
510	503	497	493	547	541
506	503	497	493	547	544
507	502	497	493	547	544
505	502	497	493	547	541
510	503	498	492	542	541
513	504	497	493	547	541
511	504	498	493	547	541
508	504	498	494	543	544
511	505	499	494	548	541
511	504	499	494	548	544
507	503	498	493	543	544
510	503	498	494	548	542
511	503	498	494	544	544
513	505	499	494	548	542
512	504	499	494	548	542
511	504	499	494	543	545
511	504	499	494	548	542
510	504	499	493	543	542
508	503	498	493	543	545
512	503	498	494	548	542
511	504	498	494	544	544
512	504	498	494	548	542
512	505	499	495	548	542
512	505	500	495	544	545
512	505	499	495	549	542
512	506	500	496	549	545
511	502	498	493	543	545
511	503	498	494	548	542
505	499	495	492	543	544
513	503	497	492	547	541
507	500	495	491	546	541
512	503	497	492	541	543
507	501	496	492	546	540
512	504	498	493	547	543
505	501	496	491	542	543
511	503	497	493	547	540
506	500	496	492	542	543
513	503	497	492	547	540
513	504	498	493	547	540
512	504	499	493	548	541
513	505	499	495	548	541
511	505	499	495	548	544
510	504	499	493	543	545
510	504	498	494	548	542
512	504	499	494	544	544
512	505	499	495	548	542
511	504	499	495	548	542
512	504	499	495	543	545
513	504	499	495	548	542
512	505	499	495	548	545
511	504	498	495	549	545
510	507	500	495	549	542
511	506	500	496	545	545
511	502	498	494	549	542
511	502	497	493	548	542
508	499	495	491	542	544
512	502	496	492	547	541
505	499	495	490	541	541
513	502	495	491	546	543
506	501	495	491	546	540
512	504	497	492	542	543
512	504	498	493	547	540
511	505	499	494	547	541
510	504	499	494	543	544
511	504	498	494	548	541
512	504	498	494	548	544
510	503	498	492	543	544
509	504	498	494	548	541
510	504	498	494	544	544
511	505	499	494	548	542
510	504	499	493	543	544
511	504	498	494	543	545
512	503	498	494	548	542
511	504	498	494	548	544
510	502	497	492	543	544
510	504	498	494	548	541
511	504	498	494	544	542
512	505	499	494	548	542
511	508	501	496	549	542
510	505	500	496	544	545
509	501	497	494	548	542
512	503	497	493	548	544
507	501	496	493	547	544
512	503	496	493	547	541
506	503	497	493	543	544
512	504	498	493	547	541
511	504	498	494	547	541
510	504	498	494	543	544
511	504	498	494	548	541
512	504	498	494	548	544
512	502	497	494	548	544
511	503	497	493	548	541
512	504	498	494	544	544
511	505	499	494	548	542
512	505	499	494	548	542
511	505	499	495	543	545
510	504	499	494	548	542
510	503	499	493	543	542
511	502	497	492	543	544
509	502	497	493	547	541
510	504	498	493	543	544
512	505	498	494	548	541
511	505	499	494	548	541
511	505	499	495	543	545
511	504	499	495	548	542
511	506	500	495	549	545
511	502	498	493	543	545
514	499	496	491	542	544
510	501	496	492	543	544
510	503	496	492	547	541
511	504	498	492	542	543
510	504	498	493	542	544
511	504	498	493	547	541
510	504	498	494	548	544
512	500	496	491	542	544
507	501	496	492	547	541
512	503	497	493	543	541
513	505	498	494	547	541
512	505	499	495	548	541
512	506	500	495	543	545
511	505	500	495	549	542
512	505	500	495	549	545
511	502	498	493	543	545
509	502	497	493	548	542
511	503	498	493	544	544
513	504	498	494	548	542
513	505	499	494	548	542
513	505	499	495	543	545
512	506	500	496	549	542
510	505	500	496	549	545
512	501	498	493	543	545
509	502	497	493	548	542
511	502	497	493	543	544
513	504	498	493	547	541
508	501	496	492	547	541
512	504	498	493	542	544
506	501	496	493	547	541
511	504	498	492	542	541
510	501	496	491	542	543
508	503	497	492	547	541
510	502	497	493	543	543
512	503	497	493	547	541
512	504	498	493	547	541
512	504	498	494	543	544
512	504	498	494	543	544
511	505	499	494	548	544
510	501	497	492	543	544
507	503	498	492	543	544
510	503	497	493	543	544
511	503	497	493	547	541
510	503	498	492	542	544
512	504	498	494	542	544
512	504	498	494	548	541
511	505	499	494	548	544
511	501	497	492	543	544
508	503	497	493	547	541
510	504	498	493	543	544
513	505	499	494	548	541
513	504	499	494	548	541
512	503	498	494	543	544
511	504	498	494	548	542
507	501	497	493	547	544
510	501	496	491	542	544
507	500	495	491	546	540
510	503	497	492	542	543
510	503	497	492	547	540
512	504	498	493	547	540
511	504	498	494	542	544
512	504	498	494	548	541
511	504	498	494	548	544
511	502	497	492	542	544
507	503	497	493	547	541
510	503	498	492	542	541
512	503	497	493	547	541
512	503	498	493	547	541
511	503	498	493	542	544
513	504	498	494	548	541
512	504	498	494	548	544
512	502	497	493	547	544
506	503	497	493	547	541
509	504	498	493	543	544
511	504	498	494	548	541
510	504	498	494	548	541
511	504	498	494	543	544
511	504	499	494	548	542
512	504	499	494	548	544
512	502	498	493	543	544
506	503	498	494	548	542
506	501	496	493	543	544
511	503	497	493	547	541
508	504	498	492	542	544
512	504	498	494	542	544
507	501	496	493	547	541
512	503	497	493	547	543
512	502	497	491	542	543
508	503	497	493	547	541
509	504	498	493	543	544
512	505	499	494	548	541
510	505	499	495	548	542
512	505	499	495	543	545
512	505	499	495	549	542
512	504	499	495	549	545
511	502	498	493	543	545
507	503	498	493	543	545
511	505	499	494	544	545
511	505	499	495	548	542
511	506	500	495	549	542
512	505	500	495	544	545
512	504	499	495	549	542
512	504	499	495	549	543
512	502	497	493	543	545
508	503	497	493	548	542
511	504	498	494	544	544
514	502	497	493	547	541
512	504	498	494	548	541
508	501	496	493	542	544
513	504	498	493	547	541
511	504	498	494	548	544
510	501	497	492	542	544
505	499	495	491	546	541
512	502	496	492	542	543
506	501	496	491	546	540
512	504	497	492	546	540
510	505	499	494	542	543
513	506	500	495	548	541
512	505	499	495	548	544
511	502	498	493	543	544
507	502	497	493	548	541
511	503	498	493	543	544
511	505	498	494	548	541
511	505	500	493	543	544
512	505	499	495	543	545
511	505	499	495	549	542
511	505	499	495	549	545
510	502	498	493	543	545
508	503	497	494	548	542
511	504	498	494	544	544
513	505	498	494	548	542
513	505	499	494	548	542
511	505	499	495	543	545
